-,-,-
301, 88, 358
433, -50, 59
527, 145, -54
527, 145, -54
623, 340, 230
816, 269, 265
1261, -147, -174
1674, -47, -187
1644, 206, -1
1472, 32, 238
1472, 32, 238
1847, -693, -229
1845, -459, -245
1954, -464, -482
725, 444, 105
-353, 1264, 495
1504, -338, -422
1450, -417, 295
-,-,-
580, -88, -47
580, -88, -47
529, -170, -85
534, -82, 46
467, -64, 114
469, -296, -78
401, -212, -122
296, 135, 202
296, 135, 202
146, 340, 647
240, 157, 225
658, 170, -274
893, 437, 106
987, 225, 101
987, 225, 101
1207, -234, -173
1506, -168, -51
1568, -124, 241
1583, -345, -129
-,-,-
-635, 1741, 1649
-,-,-
561, -97, 2
548, -71, -40
538, -48, -17
574, -197, -131
496, -419, -197
484, -346, -135
364, 64, 357
364, 64, 357
85, 349, 672
143, 137, 276
589, 85, 28
589, 85, 28
1026, 295, 209
1363, 46, -93
1746, -225, -653
1934, -145, -282
1833, -352, 360
1683, -610, 90
1979, -810, -630
864, -116, 351
864, -116, 351
-,-,-
612, -22, -47
624, -120, -143
492, -85, 18
203, -83, 262
162, -109, 281
350, -99, 204
350, -99, 204
410, 54, 35
437, -110, -101
757, -74, 171
618, 587, 475
997, -107, 314
1490, -689, -125
1490, -689, -125
1881, -681, 187
1848, -194, 84
1611, 111, -303
-,-,-
331, -63, 112
331, -63, 112
276, -36, 38
335, 105, 134
354, 82, 126
401, -4, -27
401, -4, -27
591, 5, -65
708, 138, 116
715, 22, 258
715, 22, 258
1000, -146, 46
1383, -156, 85
1579, -183, 301
1748, -461, 146
1898, -509, -296
1848, -221, -496
-,-,-
520, 76, 130
505, 51, 118
535, -58, -7
613, -27, -146
608, 6, 34
608, 6, 34
621, -243, 132
663, -341, 51
664, 61, -96
664, 61, -96
590, 374, 163
549, 219, 415
968, -270, 192
1431, -251, 95
1437, -34, 83
1437, -34, 83
1386, -230, -183
1551, -387, -292
1632, -15, 80
1969, -952, -1130
946, 165, 613
-,-,-
660, 71, -32
698, -20, -61
735, -101, -122
686, -81, -194
518, -23, -81
518, -23, -81
395, 35, 140
282, 187, 487
346, 103, 440
535, 1, 231
535, 1, 231
817, 149, -104
1035, 263, -220
1169, 19, -5
1452, -443, 41
1676, -294, -278
1614, 135, -261
1574, -182, -64
1574, -182, -64
1582, -433, 194
1951, -1038, -754
1289, 95, 594
-,-,-
765, 101, -139
765, 101, -139
716, 37, -50
558, 170, 135
396, 135, 122
393, 7, 32
393, 7, 32
452, -19, -25
440, -57, 10
365, -92, 110
365, -92, 110
396, -30, 26
517, 103, -31
557, 115, 125
634, -132, 196
951, -93, -151
951, -93, -151
1138, 32, -237
1273, -147, 136
1534, -549, 18
1686, -415, -87
1574, 67, -297
1396, 233, -329
1347, -100, -214
-,-,-
1184, -466, -68
-,-,-
410, 16, 176
504, 65, 71
626, 111, 28
626, 111, 28
668, 195, -29
816, 147, -138
1048, -45, 88
1195, -181, 318
1363, -240, -10
1546, -170, -253
1621, -190, -151
1579, -380, -32
1579, -380, -32
1579, -513, -109
1551, -379, -105
-,-,-
500, 216, 51
422, 243, 52
509, -148, -156
571, -253, -12
484, -38, 272
415, -105, 373
415, -105, 373
563, -254, 236
740, -74, 185
810, 72, 129
895, 180, -26
1204, 16, -170
1204, 16, -170
1406, 12, -98
1389, 106, -98
1327, 44, -303
1354, 2, -355
1300, 97, -36
1344, -219, 270
1793, -508, 331
-,-,-
526, 60, 35
462, -123, 34
462, -123, 34
452, -239, -155
322, -114, -98
233, -8, 262
210, -115, 454
353, -195, 157
512, 13, -13
512, 13, -13
477, 319, 230
699, 85, 261
1446, -313, -337
1918, -93, -442
1968, 73, -219
1995, -232, -229
-,-,-
1627, -1016, -682
-,-,-
663, -85, -165
550, 19, -89
461, 165, 324
564, 105, 368
833, -115, -110
971, -89, -142
1074, -82, 83
1074, -82, 83
1065, 52, 0
1203, -128, -151
1341, -239, 60
1530, -327, -56
1515, -183, -311
1359, -29, -324
1263, 20, 103
1263, 20, 103
1440, -340, 98
1605, -444, 7
-,-,-
699, 36, -262
619, 289, -17
523, 215, 87
744, -49, 163
1023, -115, 153
1120, 64, -55
1120, 64, -55
1214, 92, -303
1475, -85, -152
1763, -419, -25
1830, -370, -141
1782, -259, -336
-,-,-
639, 243, 12
622, 112, -76
610, 55, -165
610, 55, -165
592, 104, -135
510, 157, 20
463, 48, 59
466, 0, 5
466, 0, 5
538, -7, -26
578, 2, 188
578, 2, 188
606, -76, 140
760, -115, -34
947, -98, -30
1181, -324, -52
1181, -324, -52
1281, -425, -93
1046, 224, -157
902, 194, -79
1333, -630, 412
1420, -406, 256
1280, 346, -49
-,-,-
741, -71, -205
701, -75, -271
536, 85, -188
334, 207, 118
342, -139, 241
518, -108, 145
518, -108, 145
658, 69, -192
601, 169, -86
545, 51, 124
789, 0, 134
789, 0, 134
1060, 9, 38
1297, -54, -80
1660, -30, -361
1830, 84, -478
1718, 88, -116
1718, 88, -116
1707, -240, -7
1664, -372, -48
-,-,-
734, 151, 50
686, 114, -5
648, 42, -134
589, 94, -189
589, 94, -189
587, 123, -71
580, 38, -1
513, 4, -32
575, -29, -145
575, -29, -145
607, 150, 80
585, 147, 228
646, -66, 286
892, -95, 105
1054, 30, -148
1054, 30, -148
989, 226, 30
1069, -17, 32
1241, -111, -92
1276, 12, -110
1130, 315, 51
1095, 315, 70
1095, 315, 70
1366, 48, -85
1594, -84, -144
1678, -94, -176
-,-,-
798, 241, -36
748, 217, -26
754, 55, -109
767, 31, -132
767, 31, -132
717, 105, 6
630, 138, 151
630, 43, 32
630, 43, 32
733, -111, -188
789, -96, -206
625, 115, 54
475, 125, 190
559, -46, 116
559, -46, 116
747, -14, 123
785, 52, 149
846, -7, 34
1033, -48, -237
1103, 96, -159
1103, 96, -159
986, 192, 142
1031, 33, 128
1244, -78, -45
1405, -55, -115
1425, -63, 22
1421, -102, 53
-,-,-
739, 102, -15
768, 80, -27
715, 120, 48
675, 126, 27
767, 9, -30
767, 9, -30
872, -99, -104
718, 95, -42
609, 60, 42
609, 60, 42
696, 3, 111
776, 53, 157
777, 110, 146
777, 110, 146
903, 25, 18
1084, 93, -56
1086, 230, 8
1095, 163, 90
1095, 163, 90
1370, -190, -107
1514, -51, -189
1474, 30, -141
-,-,-
843, 212, -69
817, 185, -49
787, 125, -24
796, 39, -57
796, 39, -57
772, 44, -61
721, 119, 10
671, 112, -48
674, 11, -135
674, 11, -135
692, -8, -97
666, -50, -67
616, -129, -23
628, -56, -1
639, 127, 116
639, 127, 116
633, 44, 171
661, 18, 73
831, 75, -181
970, 88, -205
970, 88, -205
1037, 45, -35
1072, 41, 62
1149, 127, 63
1206, 109, -51
1206, 109, -51
1266, 76, -84
1438, -44, -88
1641, -142, -185
1653, -105, -202
-,-,-
574, 13, -66
586, 130, -137
612, 27, -159
650, -226, -124
595, -203, -5
595, -203, -5
505, 69, 132
393, 156, 159
389, 30, 103
618, 88, 138
618, 88, 138
782, 243, 79
893, 296, -28
1262, 59, -242
1598, -8, -391
1598, -8, -391
1618, 117, -348
1483, 266, -179
1511, 67, -238
1630, -189, -154
1649, -262, -74
1515, -180, -184
1341, -164, -236
-,-,-
637, -78, 76
775, -96, -230
741, 22, -206
741, 22, -206
448, 236, 286
564, -98, 319
948, -200, -61
1061, 57, -364
1038, 89, -446
958, -14, -257
958, -14, -257
993, -166, 46
948, -45, 487
1011, 74, 327
1328, 75, -116
1701, -223, -399
1693, -148, -193
1601, -87, -16
1985, -394, 76
1985, -394, 76
-,-,-
914, 160, -211
914, 160, -211
865, 186, -76
756, 309, -4
733, 170, -100
823, -10, -227
808, 24, -208
609, 171, -33
609, 171, -33
536, 89, 87
584, -7, 133
653, 65, 84
653, 65, 84
729, 62, -155
759, 43, -173
754, 40, -22
772, -26, 12
772, -26, 12
787, -24, -31
831, 38, 103
799, 178, 192
959, -18, 5
959, -18, 5
1115, -70, -187
1169, 40, -238
1023, 221, -64
926, 103, 155
926, 103, 155
1141, -137, 10
1354, -163, -78
1321, -7, 92
-,-,-
816, 109, -31
736, 314, 197
752, 243, 148
995, -127, -123
1105, -214, -181
1007, -19, -165
919, 40, -122
919, 40, -122
858, -50, 39
808, 7, 276
823, -49, 297
915, -1, 202
915, -1, 202
1019, 122, 69
1116, 111, -123
1174, 56, -179
1203, 76, -94
1192, 97, -13
1192, 97, -13
1241, -38, -66
1275, -86, -24
1268, -50, -36
1224, -5, -16
1241, -141, -76
1207, -162, -121
1177, -119, -152
1906, -549, -226
1438, -514, -129
799, 108, 382
-,-,-
825, 52, -138
822, 31, -228
755, 75, -41
755, 75, -41
664, 118, 36
659, 6, -157
677, -23, -268
550, 87, -131
550, 87, -131
416, 129, 256
548, -6, 286
722, -34, 32
855, 34, -227
852, 228, -54
852, 228, -54
984, 162, 64
1153, -3, -39
1223, 50, -162
1272, 194, -209
1343, 177, -146
1401, -56, -47
1401, -56, -47
1420, -214, 76
1453, -143, -15
1467, 10, -150
1472, 3, -187
1460, -88, -244
-,-,-
823, 165, -79
823, 165, -79
857, 118, -84
878, -22, -107
807, -77, -141
724, -27, -251
517, 156, -30
517, 156, -30
439, 90, 217
572, -194, 168
865, -393, -241
875, -135, -368
680, 177, -113
594, 215, 137
888, 8, 34
888, 8, 34
1178, -118, -63
1207, 119, 153
1024, 413, 294
999, 388, 92
999, 388, 92
1165, 219, -51
1368, 33, -105
1420, 20, 20
1470, 7, 54
1470, 7, 54
1571, -71, -71
1504, 10, -90
1978, -410, -471
1364, -237, -155
670, 353, 276
-,-,-
880, 208, -87
802, 222, 43
857, 29, -26
908, -61, -50
908, -61, -50
841, -27, 2
806, -14, -9
755, -4, -57
755, -4, -57
680, 30, -61
689, 37, -22
667, 19, -21
564, 167, -45
564, 167, -45
526, 171, -109
607, 54, 73
703, 23, 327
724, 206, 252
724, 206, 252
763, 286, -3
877, 211, 99
1036, 81, 167
1170, -4, 59
1170, -4, 59
1228, 24, 17
1294, 114, -21
1348, 156, -61
1380, 99, -73
1437, 21, -77
1437, 21, -77
1461, -47, -88
1472, -185, -165
-,-,-
751, -110, -34
788, -141, -119
622, 53, -113
488, 59, -104
488, 59, -104
530, -113, 101
615, -96, 229
565, 140, 143
561, 173, -96
659, 118, -27
659, 118, -27
809, 113, 125
946, 68, -33
1115, 18, -237
1208, 112, -207
1187, 209, -16
1154, 265, 85
1154, 265, 85
1351, 82, -259
1514, 70, -406
1500, 45, -255
1398, -8, -45
1332, -65, -68
1253, -62, -39
1253, -62, -39
-,-,-
774, -16, -67
828, 10, -132
756, 112, -30
708, 35, 64
708, 35, 64
795, -192, 71
852, -126, 8
728, 94, -29
728, 94, -29
534, 207, -77
433, 139, -53
428, 169, 266
497, 303, 508
497, 303, 508
741, 43, 121
1027, -18, -132
1147, 85, -78
1117, 96, 124
1206, -76, 122
1378, -107, -132
1388, 11, -286
1388, 11, -286
1313, 48, -196
1334, -81, -108
1441, -229, -1
-,-,-
809, 136, -49
687, 135, 92
725, 48, 16
725, 48, 16
823, 0, -51
765, 64, 63
765, 64, 63
713, 25, 95
627, 49, 104
711, 21, -81
711, 21, -81
776, 37, -156
660, 147, -33
576, 142, 37
604, 170, 174
604, 170, 174
679, 155, 211
779, 131, -30
916, 118, -236
1057, 127, -138
1094, 71, 149
1094, 71, 149
1098, -7, 260
1212, -59, 17
1284, 94, -70
1295, 167, 44
1374, -32, 109
1531, -251, 38
1531, -251, 38
-,-,-
785, 24, -54
747, -82, -73
680, -11, 31
680, -11, 31
610, 31, 106
630, -99, 71
651, -42, 112
603, 95, 82
603, 95, 82
588, 99, -41
629, 157, 64
756, 96, 103
756, 96, 103
987, -92, 55
1010, 155, -55
1136, 62, -84
1215, -17, -71
1215, -17, -71
1299, -120, -135
1356, -119, -257
1264, 41, -206
1134, 123, 66
1147, -163, 258
1368, -466, 192
1449, -339, -1
1380, -111, -120
-,-,-
779, 121, -18
716, 272, -100
697, 175, -75
636, 55, 67
636, 55, 67
613, 3, 189
690, 0, 61
690, 0, 61
715, 42, -137
654, 157, -121
702, 116, 0
818, -12, -20
818, -12, -20
880, 68, -57
1000, 56, -136
1055, 107, 36
1050, 141, 64
1104, 25, -205
1104, 25, -205
1175, 50, -204
1267, 62, -21
1348, -36, 86
1429, -234, -12
1443, -209, -76
1419, -82, -26
1372, -111, 86
1372, -111, 86
1337, -203, 78
-,-,-
839, -35, -123
805, -37, -10
657, 139, 89
657, 139, 89
585, 193, 34
683, 11, -221
701, 79, -275
578, 245, -144
483, 160, 17
483, 160, 17
469, 65, 103
592, 140, 48
701, 170, 155
701, 170, 155
887, 44, 190
1151, -72, 27
1296, -10, -198
1307, 172, -132
1316, 183, -28
1380, 121, -7
1380, 121, -7
1538, -186, -204
1519, -105, -173
1350, 50, -63
1275, 13, -77
1326, -120, -130
1327, -197, -65
-,-,-
776, 126, -102
772, 118, -257
641, 117, -121
586, 68, 235
658, -25, 382
737, 36, 218
737, 36, 218
761, 127, -47
798, 206, -42
936, 48, 6
936, 48, 6
1036, -19, 53
1185, -59, -144
1187, 84, -167
1100, 140, -59
1063, 94, 48
1063, 94, 48
1101, 163, 135
1221, 147, 143
1329, 20, 108
1399, -97, 37
1443, -94, -97
1443, -94, -97
1414, 59, -20
1951, -495, 63
1574, -196, 180
1094, 143, 136
984, 34, -113
-,-,-
910, 262, -11
852, 328, 33
852, 328, 33
819, 275, 11
842, 158, -128
767, 131, -153
674, 116, -91
595, 137, -1
595, 137, -1
571, 163, -40
574, 168, -101
548, 211, -23
531, 224, 59
531, 224, 59
579, 123, 61
665, 29, -3
751, 36, -60
751, 36, -60
769, 42, -17
742, -18, 35
778, 0, 8
778, 0, 8
875, 48, -43
944, 19, 21
944, 19, 21
976, 4, -6
998, 103, -92
1030, 184, -250
1052, 154, -146
1090, 108, 210
1090, 108, 210
1243, 25, 101
1331, 170, -57
1333, 196, -116
1482, -37, -196
1645, -109, -195
-,-,-
703, -16, -161
610, -34, -161
340, 75, 7
323, -25, 223
519, -198, 227
660, -144, -7
660, -144, -7
669, 329, -30
693, 446, 115
853, 120, 104
1240, -44, 71
1359, 247, 155
1359, 247, 155
1475, 170, -159
1604, -23, -319
1524, 93, -307
1338, 204, -139
1258, 56, -17
1293, -160, -103
1312, -168, -211
1302, -103, -158
-,-,-
755, 269, -17
783, 230, -66
872, -9, -171
839, 67, -70
839, 67, -70
745, 150, 24
756, 79, -39
746, 82, -100
710, 185, -6
710, 185, -6
738, 158, 316
884, 90, 330
1041, 119, 41
1041, 119, 41
1161, 78, -275
1149, 70, -322
1024, 123, -157
955, 230, 96
958, 192, 239
1118, -53, 109
1118, -53, 109
-,-,-
798, 170, -91
681, 211, -23
620, 35, -96
620, 35, -96
570, 68, 12
561, 142, 51
560, 122, -39
560, 122, -39
620, 2, -109
825, -97, -176
853, 43, -173
718, 283, -184
675, 240, -244
674, 55, -104
674, 55, -104
662, 62, 180
594, 96, 359
666, 73, 217
898, 46, 64
898, 46, 64
1099, -40, 32
1164, 40, 78
1237, 146, -9
1237, 146, -9
1367, 145, -68
1477, 38, -33
-,-,-
757, 169, 0
736, 255, -80
736, 255, -80
729, 245, -94
726, 139, -19
748, -61, -57
736, -156, -76
641, -13, -17
641, -13, -17
518, 65, 99
575, -39, 116
695, -4, 14
693, 156, -24
693, 156, -24
691, 179, -98
766, 41, -40
858, 95, 105
875, 150, 246
875, 150, 246
936, 35, 213
1103, -2, 102
1156, 173, 123
1243, 116, -21
1397, -29, -168
1504, -3, -213
1504, -3, -213
1560, 13, -105
1594, -94, 82
-,-,-
747, 235, -24
701, 244, -29
764, 104, -144
799, 0, -206
776, -33, -153
776, -33, -153
721, -11, -37
638, 19, 16
594, 86, 110
665, 58, 146
665, 58, 146
742, 95, 64
764, 118, -66
797, 157, 80
897, 49, 172
897, 49, 172
981, 60, 66
1024, 63, -4
1022, 181, 91
1022, 181, 91
1050, 251, 156
1190, 37, -65
1311, -46, -161
1333, 24, -94
-,-,-
685, 100, -120
632, 92, -173
587, 147, -24
587, 147, -24
664, 79, 119
874, -221, 34
849, -121, -110
678, 48, -297
542, 84, -100
542, 84, -100
508, 152, 277
629, 57, 206
819, -69, 67
902, 41, 92
902, 41, 92
959, 146, 126
1130, 37, -5
1267, 45, -92
1267, 45, -92
1274, 111, -88
1327, -11, -158
1374, -92, -101
1389, -31, 164
-,-,-
785, -98, -57
918, -166, -144
792, 74, -92
586, 319, 41
598, 88, 13
598, 88, 13
794, -125, -51
775, 11, -99
637, 144, -163
603, 70, -98
603, 70, -98
693, 101, 50
781, 143, 97
835, -41, -3
835, -41, -3
899, -61, -79
887, 136, -169
872, 277, 10
1014, -32, 87
1014, -32, 87
1339, -368, -92
1434, -184, -104
1410, 54, 37
1553, -52, -12
1763, -256, -211
-,-,-
814, 21, 31
814, 21, 31
774, 115, 93
813, 84, 14
845, 33, -152
845, 33, -152
777, -17, -201
644, 2, -117
572, 107, -18
503, 82, 130
496, -13, 198
496, -13, 198
616, -78, -35
723, 11, -159
718, 24, -110
743, -66, 27
743, -66, 27
781, -39, 146
840, -36, 190
906, -120, 112
1051, -127, -17
1115, 26, 33
1115, 26, 33
1056, 65, 85
1278, -178, -155
1527, -243, -355
-,-,-
642, 129, 133
621, 82, 108
682, -33, -110
773, 7, -368
773, 7, -368
678, 234, -84
582, 233, 152
646, 90, 130
794, 10, -43
794, 10, -43
827, 39, -67
719, 87, 90
713, 191, 158
713, 191, 158
849, 109, 86
904, 68, 1
977, 18, -40
977, 18, -40
1112, 16, -77
1122, 134, 1
1131, 35, -24
1145, 2, -81
1145, 2, -81
1218, -11, -138
1246, 21, 38
1285, -86, 165
-,-,-
868, 177, -94
797, 216, -11
761, 174, -7
798, 125, -6
810, 131, 32
810, 131, 32
794, 97, -18
703, 89, 2
737, 83, 10
737, 83, 10
826, 47, -82
803, 66, -136
660, 72, -60
660, 72, -60
651, 32, 141
740, -38, 238
799, -24, 99
788, 157, 70
788, 157, 70
792, 330, 82
968, 182, -54
1193, -15, -237
1279, -30, -278
1143, 142, -97
1143, 142, -97
1039, 194, 60
1138, 9, 15
1328, -161, -132
1354, -108, -199
1245, 42, -122
1183, 27, 25
1294, -116, -65
1294, -116, -65
-,-,-
935, 182, -58
930, 219, -10
930, 219, -10
896, 219, 16
839, 247, 14
828, 210, -23
868, 149, -89
868, 149, -89
878, 112, -98
837, 88, -97
764, 102, -83
666, 209, 37
666, 209, 37
615, 203, 118
672, 95, 0
738, 7, -174
738, 7, -174
722, 50, -236
621, 223, 37
617, 152, 236
738, -11, 124
880, -94, -67
880, -94, -67
874, 11, -120
787, 84, 88
772, 69, 127
772, 69, 127
878, -67, 3
931, -38, -33
867, 108, 108
906, 93, 151
906, 93, 151
1040, 32, 69
1181, -84, -47
1320, -197, -41
1433, -250, -40
1492, -234, -110
1411, -128, -46
-,-,-
745, 122, -5
694, 218, 40
694, 218, 40
765, 116, -47
784, 73, -40
816, -2, -155
773, 33, -176
773, 33, -176
648, 119, -49
645, 91, 145
782, -41, 185
899, -129, -37
857, 50, -174
857, 50, -174
777, 140, 67
949, -104, 229
1139, -237, 84
1130, -54, -115
1054, 157, -153
1008, 222, 54
1008, 222, 54
1102, 10, 7
1263, -208, -129
1259, -142, -14
1202, -58, 153
1259, -166, 152
1495, 101, 347
-,-,-
800, 86, -48
816, 130, -76
816, 130, -76
793, 193, -18
787, 86, 16
796, -58, -52
769, -80, -133
769, -80, -133
713, 48, -44
677, 101, 62
697, -25, -28
716, -34, -172
723, 106, -111
723, 106, -111
704, 148, 167
780, -38, 256
957, -152, 77
1056, -47, -81
1052, 0, -102
1049, -25, -107
1049, -25, -107
1099, -32, -170
1042, 145, -23
1015, 148, 104
1091, -53, 96
1253, -224, 19
1344, -197, -42
1299, -83, 16
-,-,-
862, 299, 61
862, 299, 61
856, 239, 0
872, 81, -69
869, 31, -73
869, 31, -73
865, 27, -98
803, 48, -133
728, 29, -95
626, 86, 111
626, 86, 111
672, 59, 218
774, -20, 118
850, -73, -178
822, 20, -171
822, 20, -171
800, 4, 74
876, -76, 372
956, -66, 236
1023, 15, -98
1023, 15, -98
1066, 119, -180
1113, 123, -43
1218, -40, -33
1283, -116, 6
1288, -41, 12
1355, -55, -89
1355, -55, -89
1406, -115, -116
-,-,-
887, 165, -1
887, 165, -1
880, 152, 64
880, 72, 5
874, 27, -83
874, 27, -83
816, 5, -78
744, 67, -15
721, 43, 8
721, 43, 8
722, 11, -14
732, 50, -1
709, 96, -43
709, 96, -43
730, 109, -147
822, 24, -160
809, 92, 70
809, 92, 262
838, 87, 262
906, 77, 178
1020, 55, -57
1100, -6, -186
1063, 40, -88
1063, 40, -88
1052, 55, 53
1093, 16, 115
1189, -75, 66
1257, -91, -17
1257, -91, -17
1318, -47, -39
-,-,-
886, 177, -131
919, 207, -167
864, 215, -159
864, 215, -159
807, 198, -87
775, 182, 3
756, 123, 51
723, 35, 22
723, 35, 22
683, -1, -54
648, 98, -94
674, 131, -76
674, 131, -76
674, 120, 43
664, 68, 84
763, -10, -4
763, -10, -4
885, 0, -47
914, 62, 19
950, 12, 52
950, 12, 52
981, -40, 5
1025, 60, -52
987, 208, 74
987, 208, 74
1006, 155, 111
1096, -39, 5
1231, -105, -76
1268, 0, -12
1262, 21, 63
1262, 21, 63
-,-,-
732, 253, -43
732, 253, -43
703, 174, 38
801, 5, -33
881, -6, -170
881, -6, -170
817, 125, -181
724, 189, -55
705, 78, 44
767, 50, 69
767, 50, 69
872, -3, 11
876, 55, -14
853, 70, -30
853, 70, -30
904, 36, 83
964, 36, 123
990, 53, -2
990, 53, -2
967, 77, -101
977, 134, -47
1065, 50, 14
1184, -82, 27
1184, -82, 27
1226, -138, 14
1244, -65, 71
-,-,-
863, 138, -195
859, 137, -100
830, 94, -40
820, 97, -19
820, 97, -19
850, 23, -124
805, 34, -181
721, 123, -118
605, 139, 1
605, 139, 1
590, 152, 154
670, 79, 141
740, 9, 3
740, 9, 3
854, -84, -132
878, -13, -98
854, 28, -3
854, 28, -3
855, 54, 22
901, 90, 47
901, 90, 47
994, -3, 46
1060, -102, 2
1099, -47, -69
-,-,-
895, 186, 36
821, 326, 26
773, 379, -29
820, 215, -113
863, 41, -125
863, 41, -125
828, 74, -38
740, 195, 41
710, 151, -14
744, 96, -39
744, 96, -39
796, 27, -76
772, -24, -64
702, -74, -39
702, -74, -39
635, -44, -20
658, 113, 72
732, 109, 110
794, -46, 48
900, -174, -116
900, -174, -116
902, 4, 2
873, 95, 252
929, 7, 222
929, 7, 222
1093, -81, -22
1193, -30, -146
1225, 26, -105
1276, -14, -46
1385, -142, -71
-,-,-
768, 198, -80
768, 198, -80
766, 127, -11
760, 137, 57
743, 128, -26
775, 15, -215
775, 15, -215
743, -3, -193
611, 64, 72
599, 59, 248
741, -70, 26
741, -70, 26
783, -10, -232
642, 201, -73
585, 181, 228
743, -33, 235
882, -66, 11
882, -66, 11
899, 154, -70
851, 271, 154
932, 73, 216
932, 73, 216
1146, -195, -75
1237, -64, -154
1188, 143, 38
1231, 87, 34
-,-,-
835, 172, -50
827, 191, -85
808, 124, -159
805, -8, -240
697, 25, -211
546, 190, -39
546, 190, -39
499, 195, 99
567, 12, 138
751, -149, 28
855, -131, -1
855, -131, -1
838, -7, 59
844, -39, 157
913, -97, 87
990, -60, 66
990, -60, 66
1031, -36, 83
981, 74, 156
934, 172, 135
979, 197, 143
979, 197, 143
1192, -83, -73
1331, -190, -200
1322, -125, -102
1283, -85, 122
1257, -76, 263
-,-,-
903, 221, -20
877, 231, -44
852, 174, -84
823, 168, -107
742, 193, -36
686, 134, -14
686, 134, -14
655, 69, -12
651, 110, 17
649, 123, -27
608, 139, -69
608, 139, -69
562, 68, -104
580, 38, -58
644, -3, 72
705, -136, 35
705, -136, 35
688, -114, -46
662, 49, -48
615, 149, 240
681, 65, 208
869, -34, -3
869, -34, -3
1012, -77, -147
1071, -19, -36
1160, -17, 38
1302, -81, -14
1442, -214, -55
1498, -229, 52
1498, -229, 52
-,-,-
678, 230, -47
678, 230, -47
721, 55, -15
807, -70, -92
860, 43, -235
814, 212, -233
781, 226, -128
781, 226, -128
815, 44, -59
889, -23, -70
902, 59, -107
912, -15, -130
940, -83, -29
949, -27, 33
949, -27, 33
978, 18, -3
1006, 4, 4
1006, 4, 4
1155, -181, -6
1322, -209, -35
1383, -158, -69
1333, -101, -68
1331, -138, -147
1366, -148, -170
1394, -179, -151
-,-,-
747, 0, -38
721, 60, -52
721, 60, -52
707, 156, 13
628, 208, 93
625, -43, -13
625, -43, -13
621, -116, -42
611, 100, 60
659, 142, -107
762, 16, -299
789, 11, -13
789, 11, -13
656, 192, 434
744, 90, 290
1188, -131, -260
1366, -10, -251
1288, 72, 42
1163, 38, 172
1163, 38, 172
1245, 0, 102
1428, -66, -109
1566, -193, -326
-,-,-
917, 180, -39
933, 170, -44
868, 141, -73
737, 175, -22
737, 175, -22
662, 128, 41
669, 25, 34
638, 12, 14
638, 12, 14
547, 42, 32
500, 50, 19
537, 127, 25
537, 127, 25
577, 85, -55
561, 73, -19
551, 74, 30
551, 74, 30
662, 122, 276
825, 7, 253
934, -62, -132
934, -62, -132
951, 64, -258
977, 153, -68
1065, 54, 137
1158, -82, 80
1395, -263, -258
1451, -93, -222
1412, 54, -12
1412, 54, -12
1459, -48, 30
1623, -259, -179
-,-,-
909, 133, -48
909, 133, -48
853, 73, -125
782, 148, -108
670, 180, -54
680, 68, -11
685, -15, 153
685, -15, 153
675, -105, 116
699, -50, -22
743, 13, -107
725, 164, 42
781, 24, 82
781, 24, 82
920, -179, 43
973, -15, -25
946, 228, 45
946, 228, 45
990, 167, 188
1193, -61, 118
1448, -207, -78
1509, -55, -43
1532, -9, 7
1532, -9, 7
1638, -146, -120
-,-,-
782, 319, -36
808, 270, -103
813, 192, -201
756, 155, -190
637, 166, -31
565, 154, 36
565, 154, 36
565, 65, -4
553, 57, -43
532, 122, -3
532, 122, -3
547, 157, 4
641, 71, -171
677, 15, -339
582, 37, -198
582, 37, -198
537, 82, 214
619, 42, 321
772, -113, 116
965, -84, -105
1116, -66, -54
1116, -66, -54
1151, -89, 106
1259, -168, 69
1407, -175, -39
1431, -117, -70
1446, -87, -56
1515, -152, -126
1571, -214, -187
-,-,-
761, 160, 113
762, 104, 56
741, 55, -87
741, 55, -87
672, 94, -166
626, 161, -123
585, 124, -22
595, 0, -17
595, 0, -17
618, 9, -51
654, 3, -142
565, 126, -33
518, 88, 55
518, 88, 55
654, -134, 114
746, -103, 284
722, -28, 341
848, -26, 233
848, -26, 233
1182, -197, 74
1285, -155, 134
1224, -35, 240
1313, -17, 193
1506, -53, 163
1634, -156, 72
-,-,-
756, 182, -38
756, 182, -38
791, 89, -104
768, 84, -61
704, 128, 65
744, 9, -34
744, 9, -34
769, -56, -174
670, 24, -103
526, 53, 147
526, 53, 147
630, -66, 243
832, -83, 197
923, -98, 73
997, -114, -94
1166, -127, -153
1123, 68, 1
1123, 68, 1
1095, -18, 109
1104, -176, 43
1194, -290, -72
1194, -120, -22
1082, 35, 69
1082, 35, 69
1072, 35, 17
1200, -7, 17
1314, -79, 27
1326, -118, -7
1326, -118, -7
1256, -113, -29
1248, -101, -131
-,-,-
818, 158, -133
859, 48, -133
795, 73, -86
672, 217, 13
617, 211, 32
617, 211, 32
723, 83, -42
789, 31, -95
757, 74, -99
728, 87, -139
728, 87, -139
756, 108, -172
720, 166, 34
698, 52, 243
774, -64, 214
774, -64, 214
916, -48, -18
948, 51, -143
897, 129, -120
944, 50, -126
1028, 86, -131
1002, 207, -86
1002, 207, -86
946, 247, -35
1043, 136, -97
1222, 44, -184
1358, -41, -205
-,-,-
849, 261, -63
871, 240, -84
871, 240, -84
828, 234, -50
775, 252, -63
737, 228, -70
704, 166, -49
647, 209, -18
647, 209, -18
590, 199, -25
544, 137, -73
545, 158, -33
584, 172, 15
584, 172, 15
624, 65, 0
648, 36, -40
709, -25, -120
760, -28, 38
760, -28, 38
748, 19, 298
768, 91, 210
957, 12, -227
957, 12, -227
1118, 12, -401
1094, 147, -115
1154, 118, 33
1378, -110, -151
1518, -215, -279
1509, -186, -156
1446, -113, 31
1436, -142, -82
-,-,-
868, 89, -135
796, 147, -34
796, 147, -34
678, 238, 190
704, 159, 142
838, 9, -152
860, 30, -293
860, 30, -246
768, 124, -246
683, 162, -41
662, 138, 122
694, 30, 54
729, 11, -66
729, 11, -66
720, 128, -9
666, 231, 172
700, 86, 144
700, 86, 144
844, 19, -11
862, 133, 23
830, 146, 144
911, 62, 218
911, 62, 218
1112, -25, 123
1268, -158, -41
1286, -99, -32
1381, -100, -99
1411, -84, -39
-,-,-
854, 91, -78
853, 138, -32
782, 191, -13
782, 191, -13
811, 151, -89
896, 9, -188
784, 55, -18
617, 95, 175
617, 95, 175
644, -9, 87
825, -85, -5
889, -46, -62
889, -46, -62
828, 0, -23
886, -20, -74
1020, 30, -104
1044, 45, -79
991, -1, 11
991, -1, 11
1041, -63, 59
1168, -60, 118
1228, -148, 61
1242, -194, 6
1242, -194, 6
1367, -134, -84
1442, -121, -114
-,-,-
872, 297, -105
834, 321, -113
824, 265, -82
824, 265, -82
821, 179, -43
825, 133, -59
799, 150, -92
729, 166, -82
682, 165, -4
682, 165, -4
678, 150, 67
723, 87, 39
764, 25, -36
764, 25, -36
765, 13, -80
801, 36, -59
823, 44, 19
823, 44, 19
811, 34, 39
813, -63, -45
813, -82, -26
813, -82, -26
831, -77, 8
866, -36, -5
980, -68, -83
1067, -112, -95
1109, -97, -43
1109, -97, -43
1156, -52, 11
1234, -62, 10
-,-,-
856, 168, -34
800, 212, -48
800, 212, -48
762, 175, -65
774, 88, -84
756, 76, -41
714, 108, -8
714, 108, -8
687, 123, 27
732, 22, -15
790, -72, -90
725, 9, -116
725, 9, -116
641, 150, 18
667, 93, 78
797, -88, -45
797, -88, -45
896, -67, -91
934, 20, -30
963, -5, 40
1031, -81, 62
1031, -81, 62
1095, -93, 105
1159, -81, 152
1241, -117, 133
1341, -199, -19
-,-,-
854, 136, 29
854, 136, 29
842, 143, 52
953, 43, -11
998, 57, 25
998, 57, 25
963, 45, 67
959, 2, 50
1030, -9, 29
1030, -9, 29
1057, 19, 82
1005, -10, 115
964, -43, 73
964, -43, 73
1002, -14, 50
1069, -6, 71
1075, -35, 107
1073, -61, 49
1141, -93, 23
1141, -93, 23
1107, -40, 130
1097, -7, 47
1172, -61, -147
1229, -77, -191
1209, -89, -73
-,-,-
887, 327, -93
883, 321, -100
841, 298, -71
815, 261, -75
798, 164, -126
754, 138, -93
754, 138, -93
673, 132, -26
603, 99, -24
569, 131, -1
556, 238, 58
556, 238, 58
564, 231, 108
620, 76, 50
692, -71, -77
754, -21, -149
754, -21, -149
728, 74, -76
649, 48, 32
646, 7, 65
746, -19, 54
746, -19, 54
759, 32, 199
793, -6, 336
1009, -143, 159
1252, -206, -118
1269, -26, -118
1269, -26, -118
1251, 39, -43
1317, 18, 31
1438, -131, 11
-,-,-
868, 240, -142
864, 290, -100
849, 297, -66
864, 243, -142
856, 175, -224
816, 177, -220
816, 177, -220
767, 138, -147
756, 63, -82
772, 29, -40
776, 14, -69
776, 14, -69
736, 17, -81
689, 50, 1
689, 10, 20
689, 10, 20
750, 1, 32
773, 11, 65
792, -54, 55
792, -54, 55
791, -9, 28
843, 100, -8
860, 175, 8
860, 175, 8
896, 36, -14
926, -83, -83
961, 0, -69
961, 0, -69
1038, 76, -27
1108, -50, -47
1171, -184, -46
1251, -196, -31
1315, -221, -48
-,-,-
723, 184, -46
723, 184, -46
672, 189, -77
626, 186, -6
664, 127, 10
762, 78, -40
762, 78, -40
764, 135, -86
730, 139, -101
801, 125, 19
889, 32, -6
889, 32, -6
885, 50, -72
839, 155, -29
897, 92, 9
897, 92, 9
966, 6, 68
1008, -42, 119
1000, -56, 74
1000, -56, 74
1024, 33, 120
1111, 54, 94
1199, -92, -151
1192, -145, -258
1078, -81, -60
1010, -45, 251
1148, -253, 172
1148, -253, 172
1304, -431, -116
-,-,-
745, 273, -3
745, 273, -3
812, 163, -108
839, 130, -132
811, 121, -79
738, 103, -34
698, 57, -12
698, 57, -12
704, 72, 72
698, 63, 128
756, -51, -4
756, -51, -4
820, -65, -121
747, 122, -9
678, 276, 194
807, 124, 138
1086, -162, -143
1129, 2, -185
1129, 2, -185
1047, 123, -52
1055, 37, 8
1100, -47, 93
1154, -199, 127
1198, -237, 215
1198, -237, 215
-,-,-
878, 155, -40
855, 170, -36
865, 90, -117
865, 90, -117
881, 8, -161
836, 76, -130
779, 164, -49
740, 146, -12
740, 146, -12
729, 53, 16
787, 51, 63
879, -2, 63
879, -2, 63
886, -11, 40
842, 16, 12
849, 34, 34
849, 34, 34
990, -96, 82
1037, -94, 101
959, 71, 34
959, 71, 34
833, 100, 63
1044, -252, 6
1124, -327, 70
971, 0, 95
971, 0, 95
852, 193, 18
910, 204, 45
1011, -35, 82
1011, -35, 82
1122, -236, 101
1143, -134, 115
1172, -32, 50
1171, -49, -51
1156, -51, -63
1219, -88, -121
-,-,-
840, 132, -69
832, 165, -9
832, 165, -9
826, 143, 26
827, 25, -42
796, 21, -54
697, 21, 53
697, 160, 53
640, 175, 83
655, 67, 12
655, 67, 12
700, 49, -32
660, 181, 104
640, 104, 189
756, -2, 167
756, -2, 167
922, -34, -3
950, -19, -89
898, -2, 18
898, -2, 18
828, 13, 159
831, -1, 224
976, -105, 217
1081, -205, 189
1114, -215, 158
1114, -215, 158
1228, -202, 53
1343, -200, -93
1380, -222, -153
-,-,-
847, 215, -86
892, 162, -189
838, 195, -158
838, 195, -158
765, 213, -64
710, 140, -24
653, 100, -8
564, 76, 31
564, 76, 31
510, 23, 70
554, 68, 56
596, 131, 29
596, 131, 29
618, 145, 0
630, 115, -74
705, 98, -179
705, 98, -179
790, 18, -105
764, -48, -19
722, 44, 211
950, -94, 158
1152, -332, -81
1152, -332, -81
1083, -136, -38
981, 153, 147
1066, 99, 108
1326, -215, -147
1477, -380, -222
1448, -301, -70
-,-,-
841, 228, -35
883, 174, 12
890, 100, 0
885, 164, -97
833, 124, -122
833, 124, -122
814, 69, -14
813, 73, 78
776, 133, 59
800, 27, -10
800, 27, -10
853, -149, -70
858, 42, 39
828, 154, 165
848, 45, 161
848, 45, 161
879, -21, 46
926, 105, -11
934, 192, 49
934, 192, 49
971, 88, 136
1098, -110, 85
1240, -223, -14
1240, -35, -37
1191, -13, -47
1211, -95, -74
1211, -95, -74
1290, -194, -64
-,-,-
810, 279, -73
879, 70, -211
879, 70, -211
831, 34, -145
731, 256, 43
767, 269, 78
848, 72, -31
848, 72, -31
840, -55, -113
761, -14, -35
800, 145, 221
887, 111, 123
980, 4, -8
980, 4, -8
1054, -159, -63
1065, 5, -108
915, 128, 5
915, 128, 5
933, 77, 59
1081, -85, 129
1204, -198, 88
1168, -48, -66
1168, -48, -66
1009, 200, -14
1055, 205, 171
1360, -232, 126
1513, -385, -18
-,-,-
780, 250, -148
764, 258, -124
764, 258, -124
713, 389, 34
739, 343, 49
835, 202, -29
861, 159, -59
794, 220, -8
794, 220, -8
751, 179, 14
766, 147, -72
812, 183, -113
831, 172, -86
831, 172, -86
829, 76, -22
946, 52, 81
1002, 34, 14
1002, 34, 14
963, 96, -31
932, -25, -64
898, -92, -76
787, 124, 45
787, 124, 45
769, 31, 134
1004, -178, 70
1164, -172, -38
1082, 19, 36
1052, 83, 63
1052, 83, 63
1199, -59, 65
1386, -242, 110
-,-,-
712, 158, -60
752, 245, -17
752, 245, -17
789, 241, 69
853, 55, 53
914, -39, -53
852, 18, -118
852, 18, -118
767, 171, -12
720, 92, 132
781, 47, 190
932, 7, 69
932, 7, 69
1001, -2, -46
988, -9, -48
988, -9, -48
-,-,-
845, 282, -12
843, 225, -39
826, 99, -76
768, 184, -19
768, 184, -19
710, 217, 24
697, 153, 2
672, 170, 18
731, 218, 58
731, 218, 58
796, 179, 13
830, 94, -68
851, 42, -132
851, 42, -132
841, 67, -120
832, 113, -91
823, 104, -97
849, 61, -50
1010, -206, 3
1010, -206, 3
949, 5, 51
951, 40, 14
1000, 52, -7
1000, 52, -7
1064, 8, 39
1119, -67, 46
1155, -32, -18
1156, 60, -33
1156, 60, -33
1181, 76, 21
-,-,-
797, 340, -56
703, 434, 4
768, 254, 14
900, 140, -22
900, 140, -22
910, 137, -80
805, 223, -80
746, 210, -49
751, 200, -12
840, 161, -57
840, 161, -57
840, 125, -122
771, 182, -96
787, 176, -38
920, 56, -32
920, 56, -32
958, -11, -93
912, -15, -136
842, 76, -40
931, 14, 0
931, 14, 0
1025, -76, -85
1002, -9, -120
919, 95, -9
1000, -26, 64
1000, -26, 64
1057, -55, 36
1087, 18, -57
1180, 4, -60
1287, -56, 17
1287, -56, 17
-,-,-
853, 296, -46
748, 325, 22
748, 325, 22
764, 289, 60
799, 270, 39
780, 231, -16
780, 231, -16
742, 194, -40
703, 173, -2
673, 253, 67
676, 296, 80
676, 296, 80
723, 151, 15
715, 41, -33
711, -4, -66
698, 113, -62
698, 113, -62
698, 150, -45
723, 31, 14
647, 26, 95
647, 26, 95
773, 102, 153
980, -45, 45
1056, -62, -80
948, 78, -63
948, 78, -63
951, 69, 55
1116, 54, 149
1273, -118, 4
1418, -194, -211
1438, 12, -213
1438, 12, -213
1469, -2, -30
1527, -115, 14
1848, 497, 58
1746, -1278, -584
-,-,-
689, 237, -61
741, 267, 48
741, 267, 48
767, 314, 46
785, 211, 8
842, -27, -52
808, 0, -99
808, 0, -99
794, 230, -119
854, 204, -59
883, 39, -56
883, 39, -56
900, 14, -59
1012, 65, -25
1084, -2, -21
978, 61, 19
978, 61, 19
876, 124, 64
966, 27, 49
1068, -36, 3
1068, -36, 3
1035, 1, 26
1055, -10, 48
1123, -47, -18
1231, -137, -14
1231, -137, -14
1315, -60, 39
1411, -39, 17
-,-,-
746, 296, -59
753, 232, -56
759, 4, -68
655, -19, 33
557, 151, 221
557, 151, 221
702, 154, 234
765, 127, 61
848, -37, -81
912, -13, -27
979, 58, 63
979, 58, 63
1060, 148, 25
1117, 57, -59
1188, -87, -108
1250, -80, -139
1250, -80, -139
1262, -59, -186
1205, -47, -125
1136, -90, 33
1210, -163, 152
1318, -184, 13
1309, -102, -158
1224, -59, -110
-,-,-
829, 219, -47
829, 219, -47
832, 148, -36
778, 203, -40
772, 229, -63
828, 76, -49
828, 76, -49
800, -52, -9
653, -24, 39
578, 68, 117
704, 185, 138
704, 185, 138
832, 81, 106
977, -51, 5
993, 32, -123
1010, 169, -103
1010, 169, -103
1058, 167, 70
1144, -49, 219
1221, -236, 172
1219, -70, 69
1189, -1, 23
1292, -17, -176
1315, -258, -95
1245, -153, 129
-,-,-
908, 75, -68
799, 235, -112
636, 269, -36
625, 260, 88
625, 260, 88
761, 136, 48
799, 32, -59
692, 78, -78
692, 78, -78
587, 114, -7
676, 114, 54
750, 13, 3
750, 13, 3
759, -59, -1
735, 72, 57
859, 62, 64
859, 62, 64
1011, -132, -14
904, 0, 82
949, 129, 108
949, 129, 108
1162, -41, -59
1231, -104, -107
1214, -88, 2
1336, -12, 129
1557, -78, -15
1700, -249, -210
-,-,-
777, 70, -60
793, 123, -72
689, 119, -128
579, 75, -112
579, 75, -112
630, 216, 126
745, 61, 218
794, -124, 226
889, -69, 69
1003, 112, -68
1003, 112, -68
1043, 108, -103
1109, -27, 12
1196, -18, -8
1265, 32, -78
1358, -94, -106
1354, -174, -104
1329, -96, -44
1349, -106, 7
1349, -106, 7
1377, -248, -68
1270, -141, -66
1679, 272, 28
-,-,-
793, 291, -30
809, 260, -114
769, 176, -76
685, 242, 25
685, 242, 25
756, 232, 114
949, 80, 36
978, 39, -78
903, 225, -1
903, 225, -1
903, 182, 20
976, 103, -41
1036, 2, -122
1036, 2, -122
989, 55, -83
923, 150, -12
949, 152, 44
1076, -13, -9
1076, -13, -9
1203, -152, -126
1094, -15, -55
1036, 40, 34
1182, 10, 105
1323, -102, 81
-,-,-
791, 208, 53
791, 208, 53
740, 186, 29
760, 233, -19
790, 231, -10
817, 134, -17
817, 134, -17
792, 97, -38
764, 108, -58
767, 167, -15
750, 166, 38
750, 166, 38
758, 62, 92
815, 27, 72
890, 88, 12
890, 88, 12
982, 31, -110
979, -5, -162
841, 195, -46
837, 255, 136
837, 255, 136
1052, 31, 111
1181, -126, -4
1166, -21, 15
1132, 192, 205
1266, 63, 223
-,-,-
734, 249, -110
672, 184, -23
668, 85, 148
775, 84, 97
775, 84, 97
827, 87, -37
774, 112, -43
641, 95, 23
641, 95, 23
558, 270, 152
622, 260, 162
796, 83, 27
907, 11, -144
907, 11, -144
867, 139, -66
868, 107, 98
987, -65, 82
1139, -67, -53
1139, -67, -53
1136, 28, -36
1035, 121, 34
998, 84, 30
1104, 31, -18
1171, 25, 59
1171, 25, 59
1210, 10, 188
1288, -116, 136
1375, -98, -50
1390, 20, -114
1877, -162, -163
-,-,-
894, 346, -122
894, 346, -122
813, 329, -58
782, 234, 29
809, 205, 69
819, 257, 69
819, 257, 69
819, 208, 74
809, 165, 125
833, 191, 136
899, 166, 81
899, 166, 81
926, 151, 54
897, 126, 35
925, 142, 108
925, 142, 108
984, 101, 106
975, 113, 44
873, 135, 68
850, 203, 196
967, 202, 287
967, 202, 287
1130, 31, 153
1188, 9, -1
1099, 96, 72
1099, 96, 72
1095, 55, 215
1150, -12, 196
1137, 33, 137
1135, 137, 161
1175, 75, 133
1191, 33, 37
1191, 33, 37
1198, 55, -97
-,-,-
823, 307, -50
831, 382, 8
845, 224, 18
845, 224, 18
863, 155, -11
852, 177, -68
739, 290, -29
674, 284, 111
674, 284, 111
734, 150, 193
874, 123, 71
860, 184, 2
804, 203, 55
804, 203, 55
803, 161, 85
879, 103, -40
919, 154, -142
884, 197, -26
884, 197, -26
859, 169, 163
885, 107, 166
1014, -18, -19
1094, 75, -46
1094, 98, 14
1094, 98, 14
1195, 54, 0
1294, 55, -42
-,-,-
868, 364, -4
915, 314, -41
939, 226, -70
936, 262, -32
936, 262, -32
919, 247, -36
883, 264, -23
823, 294, -18
793, 247, -7
793, 247, 12
813, 181, 12
804, 202, 36
798, 199, 11
799, 144, -6
799, 144, -6
752, 125, 17
712, 114, 41
756, 112, 43
756, 112, 43
810, 154, -8
828, 107, -52
829, 47, -54
854, 59, -24
854, 59, -24
837, 121, 46
804, 102, 121
858, 46, 77
858, 46, 77
889, 59, -32
946, 56, 8
975, 47, 166
975, 47, 166
1019, 34, 187
1118, -8, -25
1244, -20, -219
-,-,-
951, 230, -72
944, 259, -147
897, 310, -118
897, 310, -118
862, 316, -26
866, 254, -7
921, 153, -119
935, 88, -180
864, 149, -95
864, 149, -95
805, 194, 82
813, 129, 175
888, 39, 74
908, 88, 12
908, 88, 12
879, 170, 28
838, 158, 7
838, 158, 7
867, 116, -49
919, 109, -126
933, 114, -92
936, 43, 15
936, 43, 15
914, 11, 34
901, 67, -49
928, 105, 6
928, 105, 6
970, 61, 15
1007, 58, -107
1047, 24, -147
1041, -5, -58
1041, -5, -58
1045, -60, 41
1102, -89, 55
1156, -62, 104
-,-,-
917, 305, -135
891, 290, -86
866, 269, -52
866, 269, -52
845, 261, 5
851, 241, 44
835, 229, 14
835, 229, 14
806, 257, -27
781, 241, -25
800, 230, 6
846, 230, -30
846, 230, -30
872, 225, -86
856, 185, -117
828, 154, -94
819, 210, -45
893, 161, -93
893, 161, -93
927, 105, -194
881, 155, -202
828, 173, -118
831, 104, -44
816, 99, 2
816, 99, 2
785, 64, 30
796, 72, 74
888, 201, 79
888, 201, 79
967, 163, 12
987, 83, -80
966, 161, -113
1048, 236, -60
1048, 236, -60
1245, 11, -89
1301, -98, -185
1150, 14, -147
-,-,-
855, 242, -11
855, 242, -11
826, 264, -31
855, 157, -79
900, 73, -140
906, 102, -131
906, 129, -127
906, 129, -127
869, 191, -43
880, 128, 43
931, 105, 20
1006, 62, -74
1006, 62, -74
1049, 63, -104
969, 206, -46
910, 222, 22
961, 113, 26
996, 63, 35
996, 63, 35
998, 106, 71
1017, 139, 61
1055, 165, -64
1055, 165, -64
1075, 119, -100
1101, 22, -14
1118, -55, -10
1080, -25, -93
998, 45, -79
975, 2, 9
975, 2, 9
1018, -90, 56
1020, -62, 18
-,-,-
812, 98, -23
812, 98, -23
810, 149, 6
781, 226, 40
776, 204, 43
776, 204, 43
790, 79, 31
841, 10, -39
895, 17, -12
895, 17, -12
866, 182, 94
852, 222, 159
966, 21, 29
966, 21, 29
1108, -54, -171
1105, 136, -264
1011, 265, -232
947, 138, -130
964, 23, -44
1004, 61, 24
1004, 61, 24
1013, 106, 77
1033, 72, 47
1096, 2, -38
1169, 51, -83
-,-,-
848, 272, -102
811, 327, -52
765, 275, -27
760, 225, 0
820, 252, 19
820, 252, 19
866, 267, 26
886, 171, -17
858, 117, -45
820, 179, -29
846, 219, 53
846, 219, 53
879, 192, 98
870, 122, 39
898, 66, 24
898, 66, 24
860, 76, 51
900, 79, 155
991, 28, 97
991, 28, 97
1033, -58, -91
984, 15, -175
892, 154, -61
892, 154, -61
857, 104, 60
-,-,-
916, 230, -60
916, 230, -60
863, 278, -60
822, 313, -11
890, 262, 20
982, 99, 9
982, 99, 9
984, 99, -13
936, 109, 45
872, 119, 195
872, 119, 195
882, 119, 255
906, 110, 214
974, -25, 73
967, -3, 3
967, -3, 3
977, 27, -4
902, 175, -15
902, 175, -15
877, 69, -60
905, 0, -78
970, 3, -55
1019, -60, -68
1019, -60, -68
978, 44, -96
965, 51, -74
-,-,-
837, 242, 7
839, 189, -9
862, 189, -35
873, 215, -55
873, 215, -55
838, 222, -85
768, 222, -76
745, 175, -68
780, 175, -56
870, 142, -16
870, 142, -16
879, 102, -16
885, 78, -78
859, 127, -73
827, 203, 89
827, 203, 89
855, 137, 150
888, 13, 105
876, 25, 33
906, 25, 14
906, -2, 14
994, 37, 80
1014, 67, 134
1014, 67, 134
1065, -34, 9
1137, -107, -182
1163, -47, -252
1156, 31, -172
-,-,-
987, 49, 44
1014, 73, 61
974, 80, 6
974, 80, 6
1043, -3, -70
1055, 117, -134
976, 65, -12
976, 65, -12
1023, 44, -16
998, -35, 32
946, 53, 87
946, 53, 87
951, 75, 16
972, 31, -43
991, 6, -87
991, 6, -87
1010, 1, -92
1028, -15, -66
1028, -42, -80
1038, -39, -134
1035, 11, -125
1035, 11, -125
1038, -32, -84
-,-,-
914, 191, -103
942, 116, -100
942, 116, -100
913, 179, -73
866, 226, -74
846, 191, -61
857, 134, -18
859, 106, 0
859, 106, 0
853, 53, -58
827, 1, -105
749, 100, -72
749, 100, -72
755, 182, -4
834, 130, -5
915, -11, -96
926, -30, -138
879, 69, -124
879, 69, -124
850, 194, -18
906, 129, 51
974, -39, 40
1012, -99, 24
1012, -99, 24
1018, -10, 77
1071, -24, 84
1102, -90, 51
1121, -101, 21
1195, -92, -28
1195, -92, -28
-,-,-
916, -3, 67
916, -3, 67
863, 118, 132
837, 194, 202
888, 22, 168
992, -21, 17
992, -21, 17
882, 80, 82
899, 132, 96
1023, 6, 113
1023, 6, 113
1082, -126, 66
1017, -15, -39
913, 201, -97
955, 162, -69
1067, -16, -36
1067, -16, -36
1082, -82, -43
1047, -4, -32
1084, 38, -10
1161, 7, -8
1226, -107, -17
1266, -107, -9
1266, -172, -9
1362, -84, 59
-,-,-
870, 311, -36
870, 311, -36
883, 328, -61
896, 299, -69
916, 239, -50
933, 168, -54
898, 155, -122
898, 155, -122
817, 215, -169
755, 244, -66
741, 189, 45
759, 96, 124
824, 47, 23
824, 47, 23
816, 121, -77
799, 173, -50
817, 139, -22
836, 84, -11
836, 84, -11
928, 24, -53
951, 37, -65
858, 165, 0
858, 165, 0
791, 162, 58
824, 100, 52
939, 103, 26
939, 103, 26
1040, 12, -27
1099, -46, -40
1098, 66, 21
1128, 155, 41
1128, 155, 41
-,-,-
976, 234, 7
875, 292, 88
875, 292, 88
803, 267, 74
849, 87, -8
883, 109, -29
883, 109, -29
868, 150, 12
797, 159, 79
715, 137, 145
756, 123, 90
756, 123, 90
876, 81, 15
938, 34, -57
913, 73, -94
913, 73, -94
834, 90, -82
755, 111, -28
778, 83, 15
855, 104, 24
855, 104, 24
876, 107, 20
919, 103, 12
1030, -13, 4
1030, -13, 4
1101, 9, 32
1113, 81, 42
1194, 37, -2
1194, 37, -2
-,-,-
924, 328, 47
983, 276, 55
983, 276, 55
1000, 205, 27
987, 223, -60
950, 220, -38
920, 225, -8
920, 225, -8
896, 246, 35
897, 210, 50
894, 162, -16
849, 152, -44
849, 152, -44
806, 185, 3
809, 167, 64
881, 127, 56
905, 126, -32
905, 126, -32
860, 168, -75
786, 252, -25
806, 168, 45
902, 68, 15
902, 68, 15
863, 112, -11
798, 150, -14
856, 156, -24
990, 61, -92
-,-,-
813, 41, -29
813, 41, -29
985, -26, -47
1049, 11, -92
1021, 70, -157
932, 102, -141
856, 177, 5
856, 177, 5
878, 171, 59
978, 32, 2
978, 32, 2
1015, -68, -43
989, 43, 13
1043, 36, 69
1102, -76, -14
1102, -76, -14
1100, -62, -141
990, 46, -137
898, 7, -1
912, -71, 159
994, -80, 202
994, -80, 202
1010, -103, 80
935, 6, 73
982, 51, 66
982, 51, 66
1126, -1, 18
1231, -134, -57
1203, -87, -117
1156, 3, -88
-,-,-
972, 105, -13
899, 130, 44
838, 58, 127
808, 100, 95
775, 95, 38
775, 95, 38
785, 1, 16
751, 7, -8
751, 7, -8
714, 112, -7
729, 183, -47
755, 160, -126
755, 160, -126
762, 63, -95
781, -30, -7
772, -8, -9
800, 161, -31
800, 161, -31
810, 181, 31
820, 156, 164
1096, -183, 72
1137, -43, -111
1105, -9, -112
1029, -30, 93
1029, -30, 93
1073, -139, 188
1174, -10, 135
1253, 97, 3
1311, 40, -88
1403, -89, -207
1403, -89, -207
-,-,-
834, 117, -101
834, 117, -101
853, 52, -114
806, 86, 1
801, 171, 133
913, 65, 67
913, 65, 67
1002, -11, -112
996, 25, -165
879, 99, -123
847, 174, 14
847, 174, 14
913, 130, 27
925, 105, -89
875, 88, -149
847, 201, -15
847, 201, -15
887, 254, 23
957, 194, -85
1018, 141, -176
1056, 162, -122
1079, 169, -56
1092, 190, -53
1142, 43, -75
1142, 43, -75
1243, -118, -17
1254, -49, 40
1181, 32, -1
1846, 679, -181
-,-,-
993, 64, -28
921, 83, -69
921, 83, -69
798, 265, -17
767, 194, -55
745, 99, -35
672, 102, 73
672, 102, 73
617, 146, 165
709, 138, 205
853, 96, 101
930, 96, -61
930, 86, -61
907, 152, -133
888, 198, -105
969, 82, -43
1026, 63, 45
1026, 63, 45
1011, 115, 13
954, 216, -31
995, 198, 0
995, 198, 0
1021, 131, 55
991, 112, 153
1106, -41, 67
1198, -59, 34
1196, 0, 31
1196, 0, 31
1144, 37, 36
-,-,-
818, 132, -56
831, 234, 11
820, 257, 59
820, 257, 59
843, 193, 10
873, 123, -49
865, 159, -103
848, 205, -116
815, 196, -45
815, 196, -45
770, 157, 4
787, 132, 37
870, 171, 32
954, 95, -9
954, 95, -9
955, 117, -12
914, 207, 10
953, 197, 1
953, 197, 1
1023, 127, -24
1023, 129, -17
1047, 126, -3
1123, 112, -4
1123, 112, -4
1202, 52, -38
1227, 22, -45
1235, 16, 2
1254, 30, 28
1254, 30, 28
1292, -39, -13
-,-,-
810, 333, -6
792, 309, 3
792, 309, 3
835, 104, -33
863, 6, -74
869, 23, -67
789, 167, -37
789, 167, -37
703, 200, -31
734, 123, -42
746, 126, -19
733, 111, 37
733, 111, 37
744, 134, 32
798, 170, 32
934, 122, 25
1041, -3, -36
1041, -3, -36
953, 101, -75
917, 184, -10
1000, 108, 87
1108, -29, 148
1151, -65, 117
1151, -65, 117
1151, 42, 78
1234, -23, 70
-,-,-
752, 216, -54
784, 140, -165
754, 251, -56
782, 239, 31
822, 150, 36
819, 71, -43
819, 71, -43
767, 25, -97
659, 58, -10
605, 94, 58
605, 94, 58
700, 194, 93
748, 75, 49
741, 0, -39
741, 0, -39
750, -10, -89
781, 164, -70
808, 236, 107
808, 236, 107
884, 40, 166
1063, -133, -56
1115, 48, -100
1069, 231, 77
1116, 188, 115
1319, -55, -40
-,-,-
819, 222, -20
876, 122, -42
886, 26, -59
856, 71, -35
856, 71, -35
829, 147, 43
870, 107, 6
903, 16, -107
866, 5, -129
866, 5, -129
781, 73, -19
725, 137, 127
784, 63, 127
784, 63, 127
876, -135, -59
849, -147, -159
736, 4, -91
676, 204, 47
676, 204, 47
735, 121, 66
811, 15, -96
879, 3, -109
954, 102, 73
954, 102, 73
997, 150, 183
1031, 100, 61
1080, 38, 10
1197, 15, 53
1197, 15, 53
1334, 11, 45
1408, -114, -50
1391, -167, -67
-,-,-
800, 330, -6
775, 251, 36
775, 251, 36
861, 2, -17
940, -43, -77
902, 31, -53
902, 31, -53
800, 129, 32
769, 67, 148
838, 12, 129
838, 12, 129
883, -2, 94
901, 28, 49
959, 40, -1
959, 40, -1
1022, 3, -136
958, 86, -76
895, 50, 79
895, 50, 79
947, -4, 218
1013, -30, 219
1006, 24, 51
988, 70, 33
988, 70, 33
1018, 46, 167
1157, -89, 210
1256, -231, 65
1209, -94, 12
1209, -94, 12
-,-,-
926, 47, -101
878, 137, 20
868, 166, 56
885, 138, -57
885, 138, -57
895, 49, -152
843, 58, -110
754, 148, 60
768, 190, 147
888, 46, -11
888, 46, -11
954, -83, -183
853, 79, -48
777, 212, 190
880, 88, 233
880, 88, 233
986, -108, 52
1013, -75, -106
948, 90, 25
963, 143, 221
963, 143, 221
1091, -4, 61
1213, -155, -216
1198, -27, -187
1173, 24, -13
1138, -55, 53
-,-,-
985, -60, 25
985, -60, 25
882, 156, 130
937, 68, 56
1023, -106, -79
1013, -31, 15
1013, -31, 15
972, 53, 120
1099, 20, 159
1193, -127, 17
1242, -140, -61
1196, -159, -51
1194, -88, 5
1194, -88, 5
1223, -140, -12
1265, -209, -12
1963, 29, -39
1602, -1347, -78
-,-,-
991, -27, 20
976, 27, -31
904, 63, -58
904, 63, -58
874, 80, -37
892, -7, -43
911, -47, -60
950, -103, -96
950, -103, -96
890, -41, -113
761, 86, -11
742, 35, 103
817, -52, 109
971, -148, -57
971, -148, -57
952, -7, -118
874, 190, 27
809, 259, 82
903, -101, 45
932, -157, 13
932, -157, 13
905, 94, -27
936, 209, -76
980, 126, -69
1082, -71, -110
1194, -112, -51
1242, -44, -11
1242, -44, -11
-,-,-
884, 68, -25
950, -55, -160
870, 95, -70
828, 166, 30
828, 166, 30
893, 98, 22
920, 57, -100
918, 65, -130
918, 65, -137
877, 33, -137
861, 37, -3
940, 2, 94
1034, -159, 34
1034, -159, 34
980, -100, 33
870, 4, 27
892, 30, -13
917, 23, 8
917, 23, 8
902, -74, 0
907, -138, -59
907, -138, -59
901, -67, -90
869, 68, -14
903, -45, 21
958, -166, -16
1011, -182, -64
1080, -147, -61
1080, -147, -61
1121, -116, 8
1178, -127, 25
-,-,-
940, 170, -22
940, 133, -47
873, 115, -26
822, 84, -58
822, 84, -58
761, 55, -64
678, 143, 49
660, 191, 135
731, 149, 128
731, 149, 128
808, 38, 6
825, 51, -99
814, 165, -84
814, 165, -84
839, 175, 1
937, 118, 54
1000, 3, -35
975, 29, -144
975, 29, -144
908, 155, -114
875, 240, 44
908, 168, 90
961, -8, 32
961, -8, 32
943, 37, 106
959, 47, 185
1027, 41, 235
1027, 41, 235
1115, 4, 185
1222, -17, 81
1300, -47, -39
1348, -81, -100
1342, -81, -95
1286, -94, -96
1286, -94, -96
-,-,-
952, 82, -193
949, 48, -117
884, 77, 6
884, 77, 6
829, 138, 117
865, 93, 65
912, 37, -37
912, 37, -37
924, 47, -108
947, 0, -155
942, -2, -131
942, -2, -131
930, -4, -23
857, 68, 54
810, 55, 26
826, -14, -66
826, -14, -66
836, -10, -89
850, 20, -82
839, 34, -60
815, -28, -72
815, -28, -72
872, -69, -89
871, 45, -71
836, 61, -70
784, 96, -24
784, 96, -24
821, 101, 30
1044, -69, 20
1186, -216, -17
1178, -215, -39
1125, -82, 1
1125, -82, 1
-,-,-
912, 244, -58
938, 172, -60
980, -4, -63
968, -31, -19
968, -31, -19
906, -15, 15
856, -14, 29
819, 21, 94
823, 28, 166
823, 28, 166
878, 8, 186
916, -78, 79
877, -44, -18
877, -44, -18
831, 43, 18
817, 213, 195
935, 160, 191
1026, -39, 2
1026, -39, 2
1022, -23, -100
979, 117, -46
1014, 161, 71
1095, 81, 71
1177, -47, -51
1177, -47, -51
1192, -15, -82
1199, -28, 5
1241, -41, 91
1265, -82, 78
1280, -144, 29
-,-,-
986, 22, -53
986, 22, -53
942, 73, -39
919, 130, -29
937, 55, -87
965, -29, -174
965, -29, -174
921, -2, -157
901, -28, -78
936, -43, -39
859, 166, 5
800, 260, -31
800, 260, -31
885, 85, -125
926, -11, -143
903, 78, -117
897, 193, -65
917, 218, -57
917, 218, -57
957, 129, -60
1052, 2, -89
1124, 5, -107
1156, 17, -72
1156, 17, -72
1222, -64, -55
1591, 652, 170
1769, -1086, -775
-,-,-
855, 211, -27
803, 254, -3
784, 193, -45
827, 155, -75
827, 155, -75
866, 138, -73
836, 112, -72
768, 139, -44
771, 203, -13
795, 185, 9
795, 185, 9
812, 59, 9
797, 37, 1
797, 37, 1
842, 56, -12
822, 193, 39
844, 175, 33
844, 175, 33
923, 126, 1
1032, 61, -24
1061, 15, -41
1061, 15, -41
1047, 43, -10
1016, 65, -10
1050, 46, 23
1124, -19, 22
1124, -19, 22
1150, -40, -16
1145, -81, -86
-,-,-
831, 234, -70
831, 234, -70
771, 231, -53
741, 213, -15
757, 132, -29
775, 109, -58
769, 177, -72
769, 177, -72
755, 170, -71
707, 90, -85
701, 92, -73
715, 147, -38
715, 147, -38
687, 187, 4
650, 126, -10
639, 49, -6
639, 49, -6
721, 120, 132
808, 126, 243
884, 91, 177
955, -6, -22
955, -6, -22
1039, 56, -129
1067, 111, -91
1099, 48, -46
1121, -2, -10
1224, -90, 39
-,-,-
674, 218, -67
655, 182, -64
720, 156, -101
752, 174, -95
749, 195, -37
810, 62, -64
810, 62, -64
836, -64, -127
890, -26, -163
897, -23, -71
861, 14, 40
861, 14, 40
836, -58, 70
961, -160, 15
1066, -166, -63
1039, -70, -126
991, 1, -118
991, 1, -118
1072, -29, -86
1162, -32, -5
1169, -77, -16
1171, -105, -94
1186, 9, -44
1186, 9, -44
1278, 51, 14
1363, -111, -64
1378, -287, -187
1287, -247, -210
1173, -112, -135
-,-,-
852, 229, -69
852, 229, -69
859, 205, -63
880, 220, -44
899, 172, -38
908, 64, -111
882, 61, -139
882, 61, -139
823, 137, -61
795, 136, 21
859, 83, 92
855, 81, 26
855, 81, 26
826, 89, -48
838, 93, -57
838, 93, -57
855, 146, 81
892, 91, 153
969, -7, 117
1009, 36, 61
1009, 36, 61
1048, 82, -33
1066, 98, -74
1073, 29, -85
1085, 32, -22
1085, 32, -22
1155, 28, 65
1141, 16, 138
1171, -18, 137
1290, -123, 62
1340, -147, -37
1266, -106, -42
-,-,-
771, 151, -19
757, 213, -37
782, 177, -22
782, 177, -22
814, 103, 77
876, 6, 57
1020, -134, -51
992, -34, -50
992, -34, -50
970, 35, 7
1063, -76, 20
1130, -82, -62
1084, -29, -122
1065, -45, -35
1065, -45, -35
1119, -101, 89
1169, -75, 66
1207, -146, -91
1217, -162, -137
1187, -125, -62
1179, -188, -33
1148, -175, -1
1096, -167, 24
1019, -120, 97
-,-,-
762, 144, 31
852, 129, 132
880, 42, -1
880, 42, -1
893, 8, -63
934, -13, -87
1047, -61, -76
1047, -61, -76
1110, -98, -128
1055, -39, -139
985, 42, -91
1039, 27, -61
1125, -90, -113
1134, -223, -205
1035, -94, -134
987, 112, 36
987, 112, 36
1064, 40, 73
1181, -277, 11
1256, -404, -78
1245, -244, -84
1199, -113, -43
1191, -169, -4
-,-,-
950, -51, -82
993, -100, -167
888, 120, -146
782, 193, -155
782, 193, -155
798, 37, -157
804, 80, -49
784, 131, 25
786, 92, -2
786, 92, -2
816, 87, 11
850, 89, -13
933, -40, -18
933, -40, -18
969, -29, -103
1106, -46, -107
995, 241, -106
819, 283, 24
968, -179, -82
1133, -203, -108
1030, 153, -146
919, 293, -22
919, 293, -22
970, 126, 29
1157, -112, -53
1232, -91, -81
1142, 119, -89
1010, 286, 24
1011, 181, 148
-,-,-
864, 164, -16
871, 181, -21
906, 60, -68
906, 60, -68
942, -21, -55
951, -23, -20
988, 0, 8
988, 0, 8
1000, 10, 4
969, 4, 1
969, 4, 1
974, -27, 8
979, -29, -18
979, -29, -18
1020, -94, -61
974, 37, -43
882, 63, 38
991, -44, -67
1064, -194, -91
1064, -194, -91
991, -83, -43
929, 114, -28
981, 58, -84
1046, -87, -135
1047, -141, -152
1030, -41, -117
1021, 45, -43
1028, -9, 0
1028, -9, 0
1103, -155, -31
1121, -151, -35
1133, -78, -23
1140, -52, -33
1158, -106, -46
1152, -167, -38
1152, -167, -38
-,-,-
895, 132, 51
929, 166, 71
1000, 106, -43
1000, 106, -43
994, 112, -141
866, 233, -75
814, 246, 17
894, 124, 34
961, 65, -44
961, 65, -44
953, 73, -115
899, 143, -25
938, 53, 52
978, -13, 88
978, -13, 88
944, 59, 54
901, 123, -8
906, 137, -18
906, 137, -18
953, 54, -1
1003, 35, -11
1012, 100, 10
1014, 119, -3
1014, 119, -3
1062, 51, -41
1085, 38, -40
1097, 33, -37
1119, 17, -60
1099, 39, -12
1099, 39, -12
1082, 38, 83
1143, -95, 68
1165, -74, 15
1104, 26, 31
1104, 26, 31
1062, 19, 53
-,-,-
753, 240, 64
823, 63, -38
837, 21, -72
832, 162, -25
832, 162, -25
839, 146, 14
840, 92, -51
866, 5, -195
872, 48, -237
872, 48, -237
820, 151, -86
749, 178, 76
753, 108, 67
852, -32, -2
852, -32, -2
932, -33, -30
909, 59, 42
910, 40, 119
973, 28, 167
973, 28, 167
1105, -65, 14
1159, -76, -110
1101, 11, -21
1073, 46, 116
1073, 46, 116
1129, -27, 134
1181, -81, 41
1180, -26, 12
1187, -35, 59
1169, -59, 124
1140, -89, 152
1140, -89, 152
1196, -168, 83
1245, -253, -6
1182, -203, 43
-,-,-
895, 45, -138
895, 45, -138
842, 97, -61
770, 202, 66
748, 203, 102
779, 108, 60
779, 108, 60
849, 12, 14
917, -105, -72
900, -49, -50
854, 95, 113
854, 95, 113
836, 141, 175
931, -73, 104
1109, -257, -42
1137, -170, -75
1000, 165, 66
1000, 165, 66
929, 233, 106
1020, 87, 29
1111, 33, 3
1136, 37, 51
1136, 37, 51
1089, 50, 98
1060, -21, 122
1109, -45, 170
1159, -114, 130
1149, -130, 77
1098, -85, 48
1098, -85, 48
1083, -23, 51
1075, -13, 98
1095, -79, 34
1111, -165, -65
1091, -129, -83
1019, -52, 34
-,-,-
1031, 14, -79
906, 176, 96
906, 176, 96
956, 157, 182
1100, -13, 37
1191, -178, -111
1128, -143, -124
988, -72, 21
941, 45, 186
941, 45, 186
970, 34, 249
1014, -165, 116
1021, -196, 12
983, -51, 59
1020, -14, 66
1020, -14, 66
1101, -140, -5
1122, -218, -81
1053, -116, -35
998, -72, 56
1335, 149, 178
1791, -774, -280
-,-,-
915, 0, 5
843, 96, 61
829, 137, 23
829, 137, 23
888, 40, 9
945, -85, 50
945, -85, 50
953, -87, 29
915, -30, 1
879, 3, 14
879, 3, 14
869, 33, 103
888, -7, 94
940, -53, -3
940, -53, -3
947, 29, -74
955, 51, -38
1003, 46, 32
1003, 46, 32
1036, 27, 11
1071, -40, -49
1018, 55, 28
985, 92, 114
985, 92, 114
1053, 3, 80
1104, -79, 32
1161, -151, 3
1190, -78, 93
1190, -78, 93
1213, -86, 106
1252, -134, 43
1235, -161, 6
1196, -152, 15
-,-,-
872, 217, -38
837, 177, 25
837, 177, 25
872, 115, 22
926, 119, -33
924, 145, -24
934, 124, 2
934, 124, 2
952, 99, -25
968, 53, -105
981, 11, -105
981, 11, -105
957, -25, 18
891, 78, 135
888, 68, 134
930, -31, 32
930, -31, 32
934, -24, -66
921, 46, -106
909, 98, 14
909, 98, 14
1021, -63, 83
967, 2, 32
932, 56, -111
932, 56, -111
949, 88, -161
964, 62, -95
971, 63, -34
984, 83, -45
984, 83, -45
1029, 62, -18
1073, -38, -4
1132, -74, -35
1133, 5, -85
1180, -32, -118
1180, -32, -118
-,-,-
892, 65, -11
912, 73, -121
912, 73, -121
844, 163, -76
739, 259, 78
772, 198, 126
882, -9, 7
882, -9, 7
912, -39, -91
891, 50, -36
863, 81, 16
863, 81, 16
836, 48, -5
853, -21, -55
877, -23, -92
877, -23, -92
897, -8, -55
830, 0, 75
805, -19, 202
805, -19, 202
873, 72, 208
1002, 48, 118
1043, -72, 0
1005, -35, -55
1029, 63, 18
1029, 63, 18
1109, 109, 134
1186, 5, 78
1268, -65, -85
1314, -21, -123
1314, -21, -123
1337, -21, -70
1316, -87, -21
-,-,-
834, 327, 0
828, 319, -91
830, 303, -143
820, 316, -90
802, 231, -39
802, 231, -39
768, 140, -32
780, 161, -23
801, 199, -6
776, 226, 40
804, 150, 30
804, 150, 30
879, 72, -70
974, 146, -63
1017, 117, -4
1017, 117, -4
994, 87, 26
962, 72, 13
994, 154, 18
1023, 116, 38
1023, 116, 38
1056, -7, 38
1107, -28, 11
1132, 50, 2
1132, 50, 2
1095, 84, 38
1124, -17, 34
1170, -9, 24
1194, -23, -19
1194, -23, -19
1204, -33, -35
1171, -28, -12
1158, -52, 22
1166, -114, 27
1200, -256, -26
1116, -203, -57
985, -90, -50
-,-,-
918, 111, -91
929, 134, -55
868, 155, -30
805, 174, 52
805, 174, 52
804, 52, 83
820, -10, 32
743, 18, -20
743, 18, -20
674, 16, -18
652, 86, 34
755, 104, 105
755, 104, 105
850, -42, 20
859, -109, -35
888, -36, 25
992, 30, 145
992, 30, 145
1016, 70, 166
993, 5, 7
996, 58, -82
996, 58, -82
1040, 156, 30
1097, 97, 97
1219, -105, -1
1351, -172, -80
1385, -122, -87
1400, -174, -135
1340, -155, -127
1261, -124, -70
1261, -124, -70
-,-,-
811, 325, -33
790, 319, -28
790, 319, -28
792, 197, 22
799, 101, 32
810, 88, -7
810, 88, -66
750, 185, -66
697, 275, 2
673, 189, 39
677, 102, 20
677, 102, 20
714, 111, -24
689, 149, -23
660, 153, 26
650, 40, 17
650, 40, 17
734, 44, 39
799, 103, 70
799, 103, 70
853, 2, 93
874, -48, 24
923, -16, 7
923, -16, 7
971, -7, 67
978, -7, 176
1006, -37, 139
1006, -37, 139
1079, -25, -27
1159, -55, -163
1173, -1, -123
1172, -13, -77
1227, -45, -99
1303, -122, -147
1341, -176, -190
1328, -237, -201
1414, -181, -139
-,-,-
786, 248, -41
740, 256, -15
697, 181, -24
697, 104, -66
697, 104, -66
697, 199, -22
709, 187, -4
650, 231, -44
611, 191, -76
686, 80, -121
686, 80, -121
722, 121, 74
695, 136, 199
697, 63, 153
885, -61, -18
885, -61, -18
985, -58, -68
994, -65, 34
1066, -105, 87
1185, -152, -57
1161, -55, -108
1147, -83, -93
1147, -83, -93
1195, -160, -9
1237, -100, 38
1185, 33, 42
1179, 31, -35
1252, -129, -180
-,-,-
785, 333, -1
791, 278, -3
801, 170, 0
801, 170, 0
828, 111, -13
780, 165, 17
734, 179, 25
671, 200, 31
671, 200, 31
635, 220, 59
691, 166, 41
737, 167, -18
737, 167, -18
716, 135, -85
676, 139, -7
735, 120, 132
859, 17, 94
859, 17, 94
915, -107, -12
856, -1, -67
831, 165, 46
964, 37, 95
964, 37, 95
1093, -135, -18
1060, 74, 44
1026, 223, 173
1165, 61, 121
1165, 61, 121
1288, -145, -98
1288, -49, -204
1217, 46, -108
1200, 35, -30
1209, -53, -35
1206, -137, -9
-,-,-
852, 256, -16
835, 250, -10
835, 250, -10
857, 213, -45
831, 149, -3
791, 52, 6
791, 52, 6
785, -19, -61
693, 49, -31
590, 151, 58
557, 167, 96
557, 167, 96
631, 149, 36
737, 119, -56
827, 26, -42
827, 26, -42
899, -8, 24
1006, -60, -27
1010, 68, -28
970, 192, 12
970, 192, 12
1017, 58, -4
1133, -130, -74
1187, -105, -82
1160, 27, 44
1169, -51, 106
1169, -51, 106
1238, -191, 19
1315, -263, -59
1273, -198, -80
-,-,-
830, 288, -39
800, 344, -56
778, 269, -74
777, 183, -80
791, 133, -64
791, 133, -64
767, 213, -26
716, 255, 0
685, 228, 4
685, 228, 4
711, 132, -74
730, 182, -54
746, 227, 14
804, 115, -51
804, 115, -51
867, 1, -74
871, 89, -73
855, 126, -29
848, 51, 19
848, 51, 19
865, 24, 27
926, 88, 9
926, 88, 9
995, 57, 5
1152, -121, 3
1152, -121, -190
1177, -58, -190
1131, -20, -29
1170, 255, 29
-,-,-
871, 223, -56
830, 262, -33
841, 165, -38
850, 118, -82
804, 115, -117
752, 67, -143
752, 67, -143
724, 85, -83
716, 157, 5
733, 92, -32
733, 92, -32
757, -5, -81
778, 20, -99
810, 52, -78
866, 30, -42
866, 30, -42
901, -38, -27
850, 21, -69
833, 145, -51
833, 145, -51
953, 105, -50
1036, 17, -43
1083, -101, -68
1127, -17, -9
1189, 13, -15
1287, -82, -53
1287, -82, -53
1331, -199, -87
1312, -146, -79
-,-,-
864, 260, -53
870, 266, -61
870, 266, -61
797, 317, -69
766, 329, -33
810, 281, -7
851, 189, -13
835, 135, -60
835, 135, -60
828, 131, -89
801, 195, -36
766, 232, -4
751, 190, -25
751, 190, -25
789, 62, -84
837, 94, -117
802, 233, 15
758, 256, 91
758, 256, 91
814, 133, 81
936, 43, 50
1024, 11, -5
1024, 11, -5
1051, 28, -117
991, 132, -87
964, 166, -26
1037, 44, -76
1108, -46, -106
1123, 3, -27
1123, 3, -27
1160, 33, 60
-,-,-
861, 157, -179
796, 209, -34
726, 249, 37
726, 249, 37
690, 187, 48
774, 115, 25
796, 116, 65
796, 116, 65
791, 136, 112
794, 56, -10
867, 56, -86
899, 128, -52
899, 128, -52
876, 125, 16
889, 100, 59
946, 162, 68
988, 135, 67
988, 135, 67
1007, 5, -20
1025, 4, -31
998, 167, 158
998, 167, 158
1005, 137, 317
1129, -32, 222
1297, -166, -14
1354, -125, -72
1323, -104, -13
1281, -121, 45
-,-,-
828, 195, -103
784, 317, -53
784, 317, -53
759, 343, -23
742, 296, -5
749, 244, -41
784, 187, -85
784, 187, -85
791, 164, -77
804, 146, -47
813, 138, -68
797, 150, -58
797, 81, -65
797, 81, -65
858, -19, -14
883, 32, 96
855, 104, 160
852, 40, 52
852, 40, 52
937, -30, -75
912, 68, -58
849, 157, -6
849, 157, -6
831, 192, 36
904, 165, 72
970, 112, 67
970, 112, 67
1068, 86, -12
1151, -8, -105
1169, 79, -110
1230, 112, -35
1359, -41, -17
-,-,-
885, 339, -18
885, 339, -18
888, 281, -60
853, 319, -83
796, 357, -50
753, 362, 27
753, 362, 27
735, 338, 51
750, 313, -3
763, 284, -61
753, 294, -91
753, 294, -91
727, 300, -107
690, 296, -75
664, 294, -21
678, 230, -49
721, 133, -122
721, 133, -122
682, 169, -79
601, 213, -3
580, 192, 55
664, 133, 2
664, 133, 2
728, 104, -47
707, 88, -42
655, 177, 89
655, 177, 89
738, 190, 152
897, 97, 118
1002, -49, 11
1085, -69, -123
1155, 38, -99
1155, 38, -99
-,-,-
944, 243, -194
900, 289, -151
816, 281, -82
816, 281, -82
758, 247, -21
725, 217, 25
706, 150, -14
656, 101, -66
608, 154, -69
608, 154, -69
599, 217, -47
604, 156, -69
579, 58, -104
637, 77, -77
637, 77, -77
735, 133, 8
753, 84, 28
722, 11, 43
722, 11, 43
823, 111, 105
960, 94, 44
1073, 11, -100
1158, 20, -156
1158, 20, -156
1316, -88, -97
1373, 39, -116
1430, -263, 0
1433, -19, -106
-,-,-
799, 358, -119
778, 404, -28
778, 404, -28
814, 315, -10
827, 236, -30
804, 211, -61
793, 238, -75
810, 222, -123
810, 222, -123
824, 210, -124
818, 169, -106
782, 118, -112
741, 125, -115
715, 162, -86
733, 155, -8
733, 155, -8
774, 80, 39
838, -1, 76
883, 46, 0
883, 46, 0
868, 77, -15
881, 8, -3
881, 8, -3
926, -25, 7
988, 30, 40
1027, 60, 56
1027, 60, 56
1123, 41, 60
1234, -3, 40
1247, 23, 51
1247, 23, 51
-,-,-
771, 296, -33
748, 398, 34
748, 398, 34
812, 296, -39
868, 190, -104
869, 158, -97
859, 132, -74
818, 162, -60
818, 162, -60
788, 224, -39
788, 233, -22
778, 181, -24
804, 101, -55
860, 29, -115
860, 29, -115
828, 20, -94
752, 66, 22
776, 103, 54
776, 103, 54
873, 16, -77
888, -27, -116
871, -27, -96
811, 57, -46
811, 57, -46
836, 136, -30
951, 59, -86
1052, -61, -109
1097, -39, -35
1196, -22, -22
1295, -9, -68
1295, -9, -68
-,-,-
643, 291, -77
617, 357, -16
622, 162, 0
622, 162, 0
665, 62, 10
775, 111, -83
772, 111, -112
692, 66, -85
692, 66, -85
648, 53, -38
723, 146, 6
779, 146, 78
779, 146, 78
752, 61, 89
815, -55, 91
951, 40, 48
951, 40, 48
1022, 155, 23
1053, 138, -1
1080, 100, -121
1175, 96, -208
1168, 101, -146
1168, 101, -146
1210, 23, -92
-,-,-
859, 169, -9
835, 217, 4
835, 217, 4
803, 189, -30
785, 196, -30
741, 162, -13
713, 110, 23
713, 110, 23
734, 82, 29
811, 71, -18
845, 57, 0
845, 57, 0
802, 69, -35
795, 81, -52
915, -4, -77
915, -4, -77
1108, -263, -144
980, -57, -168
812, 166, -1
831, 253, 126
987, 47, 80
987, 47, 80
1140, -232, -53
1141, -146, -31
1178, 66, 89
1272, 53, 67
1272, 53, 67
1367, -138, -106
-,-,-
681, 199, 97
681, 199, 97
732, 116, 63
809, 79, 53
843, 31, -18
843, 31, -18
877, -42, -24
841, 99, -62
865, 177, -63
865, 177, -63
893, 121, -97
922, 56, -121
944, 58, -131
964, 172, -142
1018, 109, -173
1082, -35, -156
1122, -101, -88
1122, -101, -88
1145, -29, -1
1173, 32, 8
1241, -90, -130
1301, -147, -230
-,-,-
912, 273, 27
912, 273, 27
885, 259, 0
891, 206, -9
878, 157, -40
878, 157, -40
833, 168, -47
798, 167, -50
795, 155, -52
797, 150, -45
809, 121, -99
809, 121, -99
791, 170, -95
783, 242, -29
811, 164, -47
841, 64, -109
825, 95, -95
825, 95, -95
845, 195, 18
843, 159, 36
838, 50, -23
838, 50, -23
835, 10, -58
880, 81, 45
992, 96, 133
992, 96, 133
1126, -66, 13
1189, -157, -80
1178, -65, -26
1206, 48, 44
1237, 18, -2
-,-,-
865, 229, -15
878, 259, -35
859, 243, -65
820, 281, -67
776, 286, -62
776, 286, -62
780, 174, -82
819, 84, -137
811, 104, -160
708, 214, -71
631, 288, 50
631, 288, 50
753, 191, 47
970, -63, -150
995, -65, -270
783, 160, -238
616, 302, -32
616, 302, -32
626, 200, 23
841, 10, 8
1037, -138, -102
989, -76, -104
854, 87, 41
854, 87, 41
808, 143, 121
976, 34, 56
1145, -151, -42
1194, -158, -73
1194, -158, -73
1209, -5, 45
1301, 38, 95
1409, -97, -68
1482, -207, -215
-,-,-
825, 356, -86
834, 346, -27
873, 231, -60
873, 231, -60
836, 247, -40
766, 309, -3
732, 311, 12
745, 245, -40
745, 245, -40
757, 229, -57
749, 226, -47
711, 246, -6
692, 217, -4
692, 217, -4
706, 176, -18
747, 156, -47
756, 145, -55
693, 149, -39
625, 142, -37
625, 142, -37
598, 143, -31
663, 136, -19
785, 94, -15
828, 24, 22
828, 24, 22
822, 11, -36
1015, -162, -67
929, 203, -30
1150, 7, -25
1150, 7, -25
1134, -220, 0
1166, -185, -100
-,-,-
822, 302, -48
776, 349, -1
752, 299, 0
738, 269, -8
738, 269, -8
717, 275, -4
721, 272, 3
727, 256, -3
727, 256, -3
724, 219, -35
678, 227, -33
648, 225, -50
689, 152, -98
712, 100, -127
712, 100, -127
677, 116, -90
588, 198, 19
554, 180, 72
669, 122, 108
669, 122, 108
795, 68, 81
917, -37, -12
930, -33, 11
953, 64, 137
953, 64, 137
1044, 99, 59
1163, -59, -177
1221, -25, -202
1287, 74, -73
1433, 47, -22
1433, 47, -22
-,-,-
653, 262, 23
835, 64, -77
835, 64, -77
905, -24, -174
755, 134, -129
590, 242, -39
573, 221, 8
573, 221, 8
705, 192, 10
836, 29, -120
822, 41, -181
734, 174, -78
734, 174, -78
754, 298, 82
905, 128, 32
1026, -67, -173
976, -48, -181
874, 64, -11
874, 64, -11
963, 163, 89
1096, -13, -48
1197, -203, -130
1121, -68, 3
1121, 56, 156
1121, 56, 156
1285, -25, 152
-,-,-
688, 292, -24
619, 311, -11
592, 316, 24
635, 313, 28
693, 252, -20
693, 252, -20
712, 207, -53
670, 212, -53
613, 226, -33
602, 213, 14
602, 213, 14
643, 231, 60
728, 164, 5
801, 66, -51
818, 67, -70
818, 67, -70
786, 81, -21
794, 157, 96
855, 107, 80
855, 107, 80
904, 81, 6
982, 6, -46
1094, 39, -5
1094, 39, -5
1180, 29, -53
1181, -9, -125
1183, 2, -52
1202, 15, 57
1202, 15, 57
1265, 29, 104
-,-,-
786, 167, -92
713, 201, -48
663, 192, 49
719, 149, 52
808, 106, -39
808, 106, -39
852, 89, -106
760, 130, -95
666, 149, -6
788, 174, 82
788, 174, 82
897, 154, 15
933, 145, -50
1005, 72, -138
1114, 107, -150
1113, 183, -94
1040, 211, -51
1040, 211, -51
996, 158, -43
1078, 51, -18
1176, 12, 36
1198, -31, 45
1123, -19, 38
1123, -19, 38
1095, 45, -78
-,-,-
821, 319, -8
824, 299, 8
824, 299, 8
881, 211, -34
916, 182, -84
848, 191, -89
848, 191, -89
741, 242, -29
670, 251, 47
695, 158, 0
783, 91, -55
783, 91, -55
781, 138, -27
768, 155, -16
808, 109, 15
914, 96, -125
914, 96, -125
968, 100, -155
952, 148, -87
920, 122, -63
871, 183, -27
909, 199, -56
909, 199, -56
1068, 50, -125
1111, 4, -148
1017, 74, -123
962, 96, -33
1028, 97, 14
1028, 97, 14
1145, -29, -36
1206, -190, -65
1204, -158, 0
1212, -47, 51
-,-,-
811, 263, 78
811, 263, 78
825, 222, 39
789, 214, 19
754, 230, 50
753, 181, 40
753, 181, 40
748, 179, 24
704, 227, 17
659, 224, 17
659, 224, 17
653, 188, 18
684, 157, 31
771, 110, 51
771, 110, 51
822, 63, 29
815, 45, -7
777, 14, -28
777, 14, -28
771, 14, -30
773, 78, 117
745, 52, 94
796, -40, 43
796, -40, 43
938, -32, 64
1047, 29, 120
1074, 54, 92
1074, 54, 92
1085, 41, -65
1143, 85, -170
1198, 79, -169
1250, 0, -117
1280, -40, -60
1280, -40, -60
-,-,-
800, 159, 18
786, 111, 5
786, 111, 5
753, 208, 24
735, 227, 38
743, 99, 45
743, 99, 45
773, 3, 23
723, 52, 7
723, 52, 7
675, 149, 26
637, 249, 107
719, 175, 60
719, 175, 60
864, -16, -33
853, 103, 3
820, 224, 106
820, 224, 106
864, 133, 99
1003, -12, -30
1035, 68, 14
1011, 168, 194
1103, 96, 232
1103, 96, 232
1229, -115, -9
1263, -107, -56
1167, 135, 193
1131, 229, 296
1239, 51, 69
-,-,-
718, 209, -27
718, 209, -27
767, 100, -149
735, 86, -185
624, 221, 16
632, 233, 105
695, 102, 88
695, 102, 88
751, -72, -38
693, -36, -97
592, 151, 31
554, 278, 228
554, 278, 228
598, 186, 188
778, 84, -48
906, 195, -129
896, 386, 85
896, 386, 85
982, 350, 187
1261, 19, 110
1376, 16, 142
1290, 165, 208
1276, 234, 208
1276, 234, 172
1386, 115, 172
1381, 17, 80
-,-,-
844, 346, -58
853, 307, -71
838, 236, -100
848, 185, -51
792, 205, 49
792, 205, 49
740, 235, 82
708, 211, 38
679, 129, 0
679, 129, 0
659, 69, -23
635, 140, 0
605, 187, -4
605, 187, -4
608, 148, -79
641, 119, -104
684, 71, -37
724, 29, 142
724, 29, 142
806, 19, 185
889, 57, 156
972, 81, 79
972, 81, 79
1022, 127, 119
1138, 139, 146
1278, 25, 30
1427, -79, -37
1384, -14, 58
1384, -14, 58
1342, -20, 121
1320, -36, 147
-,-,-
672, 129, 57
658, 124, 128
658, 124, 128
689, 80, 57
732, 26, -47
717, 66, -62
652, 166, 20
652, 166, 20
577, 163, 99
658, 19, 76
765, 8, 74
765, 8, 74
814, 53, 5
829, 25, -76
829, 25, -76
898, 23, -55
939, 4, 12
923, 10, 79
923, 10, 79
964, 22, 41
1011, 131, 18
1011, 131, 18
1033, 205, 3
1075, 127, 9
1167, -59, 26
1311, -105, 63
1374, -154, 72
1374, -154, 72
-,-,-
787, 159, 58
755, 142, -8
755, 142, -8
758, 79, -59
749, 21, -79
757, -27, 11
757, -27, 11
726, -123, 42
686, -116, 11
616, 57, 160
689, 40, 160
689, 40, 160
845, -30, 14
998, -40, -49
1039, -16, -9
1100, -16, 10
1100, -16, 10
1180, 22, -25
1281, -41, -25
1286, -52, 195
1311, -169, 274
1437, -334, 153
1410, -256, 54
-,-,-
796, 246, -198
749, 230, 27
749, 230, 27
662, 260, 303
735, 160, 231
897, -2, -46
956, -14, -180
956, -14, -180
848, 91, -177
788, 117, -31
858, 63, 159
978, -50, 183
1001, -21, 27
1001, -21, 27
954, 35, -161
1020, 164, -187
1088, 164, -141
1147, 64, -187
1176, 33, -215
1172, 169, -152
1188, 127, -33
1265, -99, 56
-,-,-
888, 144, -80
856, 172, -127
769, 153, -49
769, 153, -49
675, 210, 107
647, 184, 171
744, 31, 44
801, 33, -103
745, 201, -57
745, 201, -57
710, 228, -25
786, 122, 47
859, 106, 127
916, 110, 170
916, 110, 170
939, 127, 197
993, 117, 89
1046, 86, -67
1070, 147, -55
1113, 73, 8
1113, 73, 8
1107, 88, 144
1118, 0, 172
1213, -161, 35
1213, -161, 35
1205, -107, -33
1159, 59, -5
1152, 32, -25
1153, -74, -54
-,-,-
778, 240, 159
854, 203, 57
854, 203, 57
859, 169, 15
794, 206, 30
746, 219, 69
746, 219, 69
798, 164, 49
827, 124, -9
827, 77, -41
827, 77, -41
825, 84, -56
833, 107, 13
859, 58, 46
869, -27, 60
869, -27, 60
888, -22, 68
974, 0, 25
974, 0, 25
970, 84, 64
951, 144, 85
951, 168, 38
951, 168, 38
1092, 82, 52
1191, 31, 214
1222, -7, 295
1231, -30, 180
1231, -30, 180
1256, -64, 40
1209, -59, 86
1104, 1, 232
1071, 56, 230
1167, -56, 54
1167, -56, 54
-,-,-
765, 235, 14
788, 199, -59
765, 169, -45
735, 249, 4
735, 249, 4
733, 256, -9
765, 188, 0
782, 142, 21
782, 142, 21
801, 145, 20
776, 173, 50
799, 88, 32
799, 88, 32
854, 65, -8
913, 56, 6
913, 56, 6
900, 87, 107
894, 87, 214
945, 76, 222
945, 76, 222
977, 115, 240
990, 136, 249
1001, 144, 273
1085, 165, 277
1205, 46, 161
1205, 46, 161
1283, -87, 102
1235, -15, 223
1194, 97, 292
1196, 77, 211
1253, -112, 88
-,-,-
691, 151, 47
691, 151, 47
630, 83, -27
560, 73, -25
483, 118, 118
444, 135, 182
444, 135, 182
485, 18, 87
526, -70, -16
506, 0, -50
506, 0, -50
487, 135, 58
560, 149, 89
742, 60, -22
742, 60, -22
932, 0, -36
939, 120, 197
944, 140, 293
1042, 97, 225
1042, 97, 225
1261, -10, 107
1496, -167, 99
1516, -193, 196
1473, -115, 153
1495, -110, 64
-,-,-
834, 187, 5
803, 244, -22
760, 244, -50
747, 173, -58
747, 173, -58
723, 139, 48
674, 141, 76
704, 98, -17
682, 111, -25
682, 111, -25
658, 118, -44
623, 117, -38
597, 165, 1
633, 148, -30
633, 148, -30
722, 25, -8
779, 14, 115
796, 99, 308
796, 99, 308
832, 160, 248
999, 50, 173
1154, -28, 168
1205, -4, 184
1216, 13, 139
1216, 13, 139
1228, 29, 61
1227, 53, 83
1207, -15, 126
1199, -152, 155
1189, -188, 197
-,-,-
732, 64, 93
732, 64, 93
718, 170, 35
668, 173, -20
642, 102, -38
642, 102, -38
628, 28, -14
623, 28, 42
607, 32, 72
607, 32, 72
572, -16, 50
571, 9, 25
627, 118, 59
627, 118, 59
695, 106, 54
799, 40, 108
889, 56, 198
889, 56, 198
1057, 1, 35
1140, 27, 72
1135, 128, 202
1209, 17, 146
1209, 17, 146
1366, -218, -128
1441, -235, -121
1320, -57, 102
1273, -73, 187
-,-,-
771, 160, 48
756, 164, 0
752, 31, -62
752, 31, -62
758, -21, -101
720, 37, -62
619, 119, 12
553, 73, 21
553, 73, 21
635, -72, -50
715, 0, 71
711, 143, 204
711, 143, 204
674, 231, 110
824, 139, -60
1069, -18, -63
1124, -26, 92
1098, -55, 90
1098, -55, 90
1100, -14, 65
1178, -38, -22
1251, -142, -58
1207, -184, -42
1125, -143, -20
1097, -101, 29
1142, -156, 178
1178, -263, 285
1178, -263, 285
-,-,-
810, 161, 9
797, 198, -12
746, 135, -22
746, 135, -22
736, 90, -35
767, 36, -23
780, 14, 13
735, -12, 2
735, -12, 2
703, -19, -42
713, 44, -42
691, 158, 120
691, 158, 120
687, 179, 156
818, 46, 52
964, 27, -11
1035, 62, 37
1035, 62, 37
1011, 100, 97
1026, 89, 10
1124, -1, -151
1149, -96, -184
1074, -37, -28
1074, -37, -28
1074, -6, 127
1119, -25, 275
1214, -139, 144
-,-,-
732, 270, 43
751, 301, 57
759, 206, 52
759, 206, 52
782, 119, 8
804, 98, -76
794, 104, -49
794, 104, -49
754, 147, 27
713, 139, 87
707, 109, 71
756, 129, 6
756, 129, 6
831, 113, 28
839, 108, 70
900, 25, 85
900, 25, 85
1000, -1, 50
1057, 32, 136
1056, 49, 210
1056, 49, 210
1034, 52, 161
1061, 59, 73
1104, 45, -45
1185, 7, -142
1202, 50, -51
1202, 50, -51
1209, 83, 108
1210, 10, 143
1180, -58, 157
1153, -70, 175
1097, -46, 243
1097, -46, 243
1086, -84, 136
1130, -200, 136
-,-,-
786, 356, -6
793, 337, -30
794, 260, -81
731, 252, -15
644, 229, -30
642, 194, -164
642, 194, -164
675, 236, -168
656, 280, -56
604, 244, 43
571, 166, 71
601, 94, -58
601, 94, -58
594, 100, -82
524, 135, 21
479, 89, 93
479, 89, 93
529, 36, 111
638, 35, 23
706, 77, -27
706, 77, -27
750, 81, 14
791, 113, 76
924, 141, 86
924, 141, 86
1092, 161, 64
1226, 20, 74
1338, -127, 292
1455, -166, 388
1559, -177, 177
1625, -193, -47
-,-,-
618, 171, -58
618, 171, -58
531, 211, 19
508, 180, -98
541, 86, -161
544, 108, 0
544, 108, 0
509, 121, 185
573, 59, 218
792, -56, 32
933, -3, -102
933, -3, -102
980, 55, -44
1023, 17, 172
1245, -228, 113
1521, -392, -55
1459, -43, 83
1459, -43, 83
1360, 76, 63
1372, 87, -23
1522, -98, -206
1575, -127, -198
-,-,-
837, 69, -53
790, 152, -101
645, 222, -95
575, 188, -59
575, 188, -59
640, 103, -6
730, 80, 8
683, 182, -26
629, 250, -46
629, 250, -46
632, 238, 13
727, 133, -52
806, 114, -81
821, 145, 0
821, 145, 0
896, 128, 41
987, 120, 80
1106, 58, -74
1106, 58, -74
1224, -29, -167
1148, 92, -32
1084, 170, 10
1148, 39, -68
1248, -5, -56
1221, 116, 26
1221, 116, 26
1182, 81, 46
1177, 18, 38
1264, -117, -106
1296, -113, -70
-,-,-
841, 168, -101
845, 109, -40
827, 86, 46
712, 148, 83
712, 148, 83
684, 142, -3
743, 106, -96
745, 49, -172
745, 49, -172
687, 48, -166
558, 160, -88
616, 122, -22
740, 98, 72
809, 75, 37
809, 75, 37
847, 121, -72
878, 213, -2
974, 67, -68
974, 67, -68
1108, -78, -175
1222, -64, -215
1157, 122, 35
1115, 117, 156
1219, -82, 118
1443, -249, 34
1443, -249, 34
1439, -190, 71
-,-,-
767, 250, 25
767, 250, 25
753, 258, -23
759, 245, -52
681, 263, 21
681, 263, 21
663, 249, 33
697, 161, -46
723, 88, -33
694, 72, 61
694, 72, 61
698, 154, 67
801, 153, 51
886, 144, -28
886, 144, -28
895, 130, 10
956, 126, 86
967, 171, 143
1101, 88, 57
1101, 88, 57
1155, 25, 16
1180, -10, -1
1160, 123, 78
1200, 58, 211
1200, 58, 211
1294, -195, 231
1360, -314, 78
1346, -207, -59
1359, -144, -162
-,-,-
638, 324, -138
638, 324, -138
688, 160, -78
679, 196, 66
659, 282, 87
680, 291, 46
680, 291, 46
753, 220, -3
798, 202, -68
833, 171, -96
887, 136, -9
887, 136, -9
959, 122, 48
1025, 57, 64
1001, 33, 69
1001, 33, 69
1042, 36, -79
1026, 148, -79
1006, 173, 56
1036, 76, 93
1036, 76, 12
1151, -49, 12
1183, 12, -73
1142, 108, -72
1158, 58, -50
1200, 3, 7
1200, 3, 7
1206, 10, 48
1220, 1, 37
-,-,-
1759, -269, -149
1207, 182, 237
1063, 110, -3
-,-,-
692, 332, -148
657, 310, -104
620, 199, -56
591, 207, -54
591, 207, -54
547, 247, -113
515, 262, -202
498, 276, -187
509, 273, -5
542, 246, 94
542, 246, 94
614, 216, 4
723, 211, -94
818, 200, -40
858, 182, -19
858, 182, -19
983, 127, -90
1074, 130, -85
1071, 214, 67
1091, 243, 126
1217, 93, 88
1217, 93, 88
1292, 8, 163
1309, 8, 144
1304, 109, 105
1334, 186, 116
1450, 142, 93
1450, 142, 93
1434, -15, 234
-,-,-
619, 228, -97
681, 245, -218
645, 228, -142
537, 309, -5
537, 309, -5
520, 189, -88
468, 3, -96
407, 25, 79
374, 99, 216
374, 99, 216
418, 184, 177
512, 246, -1
651, 182, -150
807, 104, -15
807, 104, -15
984, 123, 65
1153, 117, -64
1349, 211, -231
1396, 274, -68
1451, 228, 81
1451, 228, 81
1646, -90, -114
1708, -158, -246
1601, 17, -274
1518, 61, -74
-,-,-
789, 209, -35
777, 248, 54
777, 248, 54
691, 262, 124
708, 134, 72
761, 85, -55
748, 99, -130
748, 99, -130
689, 118, -125
613, 102, -36
577, 125, 80
537, 181, 105
580, 186, -12
580, 186, -12
721, 146, -122
833, 176, -131
895, 148, -163
969, 172, -109
1078, 168, 8
1128, 170, 124
1128, 170, 124
1178, 154, 22
1289, 115, -209
1325, 202, -223
1381, 130, -117
1432, -8, -13
1472, -59, 43
1381, 7, 26
1381, 7, 26
1259, 142, 6
1252, 117, -64
1327, -38, -76
-,-,-
660, 232, -88
721, 183, -8
721, 183, -8
763, 104, -35
811, -40, -176
689, 55, -175
667, 174, -96
744, 166, -91
744, 166, -91
831, 29, 19
871, 13, 59
879, 92, -51
879, 92, -51
938, 198, -91
1046, 123, -18
1125, 2, 109
1234, -100, 55
1250, -9, -41
1250, -9, -41
1239, 166, -114
1231, 204, -73
1254, 207, -29
1298, 152, -118
1378, 117, -205
1354, 197, -128
1341, 136, -91
1459, 42, 25
1459, 42, 25
1699, -207, 183
-,-,-
621, 318, -198
621, 250, -148
621, 250, -148
712, 173, 32
714, 144, 133
768, 111, -16
842, 126, -171
913, 95, -200
913, 95, -200
901, 71, -78
913, 18, 59
975, 58, 56
975, 58, 56
1068, 170, -87
1055, 290, -31
1039, 275, -45
1165, 123, -119
1234, 89, -53
1185, 91, -29
1185, 91, -29
1127, 66, -113
1163, 121, -231
1265, 143, -267
1317, 132, -138
1498, 114, -35
1997, -357, -99
1778, -53, -97
1068, 397, 218
-,-,-
592, 309, -146
592, 309, -146
521, 295, -13
559, 231, 40
669, 134, 15
809, 105, -74
877, 107, -135
877, 107, -135
854, 162, -50
911, 122, 61
960, 139, 183
1048, 111, 67
1168, 63, -85
1168, 63, -85
1262, 194, -64
1335, 151, -9
1421, 43, -73
1489, 9, -197
1440, 135, -124
1359, 263, 66
1359, 263, 66
1345, 264, 174
1852, 5, 216
1984, -401, -30
1433, 78, -4
-,-,-
817, 291, -26
785, 286, 3
838, 208, -49
881, 188, -183
855, 208, -182
855, 208, -182
787, 224, -23
720, 219, 67
736, 142, -81
818, 98, -223
890, 154, -101
841, 211, 113
841, 211, 113
878, 161, 154
1001, 67, 5
1025, 172, -91
1048, 203, -147
1075, 139, -106
1075, 139, -106
1131, 158, 21
1158, 109, 82
1132, 98, 48
1182, 48, -37
1293, 87, -120
1366, 133, -108
1366, 133, -108
1362, 62, -6
-,-,-
742, 102, -91
742, 102, -91
709, 135, -1
601, 184, 158
494, 239, 175
588, 245, -111
718, 171, -326
718, 171, -326
760, 172, -237
837, 153, -66
953, 164, 190
1084, 150, 169
1252, 73, -167
1390, 231, -196
1403, 316, 41
1403, 316, 41
1393, 160, -105
1414, -13, -384
1276, 89, -227
1228, 25, -106
1236, -94, -60
1307, -175, 0
1790, -48, 25
1790, -48, 25
1974, -1085, -818
-,-,-
780, 303, -279
780, 303, -279
684, 412, -146
577, 478, 12
608, 391, -74
726, 277, -184
750, 280, -162
685, 310, -96
685, 310, -96
649, 238, -102
694, 183, -49
709, 219, -6
667, 243, 25
735, 168, 23
735, 168, 23
831, 213, -77
865, 351, 4
877, 418, 121
877, 418, 121
931, 331, 208
1126, 188, 184
1283, 161, 197
1305, 188, 197
1306, 192, 120
1338, 104, 16
1338, 104, 16
1359, 148, -9
1385, 149, 36
1398, 108, 149
1342, 81, 190
1350, 60, 99
